3.100000000000000000e+02 7.700000000000000000e+01
3.100000000000000000e+02 7.700000000000000000e+01
3.100000000000000568e+02 7.700000000000000000e+01
3.100000000000000000e+02 7.700000000000000000e+01
3.099999999999999432e+02 7.700000000000001421e+01
3.100000000000000000e+02 7.699999999999998579e+01
3.099999999999999432e+02 7.699999999999998579e+01
3.100000000000000000e+02 7.700000000000001421e+01
3.099999999999999432e+02 7.699999999999998579e+01
3.100000000000000000e+02 7.700000000000000000e+01
3.100000000000000568e+02 7.700000000000000000e+01
3.100000000000000568e+02 7.700000000000000000e+01
3.100000000000000000e+02 7.699999999999998579e+01
3.099999999999999432e+02 7.699999999999998579e+01
3.099999999999999432e+02 7.699999999999998579e+01
3.100000000000000000e+02 7.700000000000001421e+01
3.099999999999999432e+02 7.699999999999997158e+01
3.100000000000000568e+02 7.700000000000008527e+01
3.099999999999998863e+02 7.699999999999963052e+01
3.100000000000000568e+02 7.700000000000137845e+01
3.100000000000000000e+02 7.699999999999479883e+01
3.099999999999999432e+02 7.700000000001986677e+01
3.100000000000001137e+02 7.699999999992471089e+01
3.099999999999999432e+02 7.700000000028352076e+01
3.100000000000003979e+02 7.699999999893961444e+01
3.099999999999985789e+02 7.700000000393733046e+01
3.100000000000052296e+02 7.699999998549431268e+01
3.099999999999807869e+02 7.700000005298311123e+01
3.100000000000696332e+02 7.699999980833558766e+01
3.099999999997512532e+02 7.700000068569296729e+01
3.100000000008786287e+02 7.699999757870271822e+01
3.099999999969462010e+02 7.700000841579512212e+01
3.100000000104059836e+02 7.699997132376743991e+01
3.099999999654521616e+02 7.700009520581347999e+01
3.100000001106479317e+02 7.699969508005675323e+01
3.099999996641732878e+02 7.700092546019665463e+01
3.100000009311298754e+02 7.699743402206738097e+01
3.099999978605234219e+02 7.700589590094381265e+01
3.100000024857112066e+02 7.699314995714628651e+01
3.100000132223796641e+02 7.800926327772070579e+01
3.099998597139662593e+02 7.799361994020647160e+01
3.100008855613692162e+02 7.800204715477435968e+01
3.099952725080504479e+02 7.800256914869429181e+01
3.100231709145505761e+02 7.798301788016721048e+01
3.098892010491291558e+02 7.808338034761004565e+01
3.089118461403610354e+02 7.921572189942681064e+01
3.090644080526940911e+02 8.006285615117627685e+01
3.088052362125223453e+02 7.998196834606943639e+01
3.079051746892735082e+02 8.000507599735993836e+01
3.080253168778595523e+02 7.999866413969104428e+01
3.079976858151075589e+02 8.000003923924326443e+01
3.079816805147041237e+02 8.000132536355634727e+01
3.080811173718315104e+02 7.999427220200966815e+01
3.076201431073584445e+02 8.002293218559047716e+01
3.069771698764704979e+02 7.990929180164894774e+01
3.066157846060920065e+02 8.043642480730710531e+01
3.058629378235749527e+02 8.103716964379225374e+01
3.061258029533915419e+02 8.134703366690568771e+01
3.054889195969148545e+02 8.264684616384438698e+01
3.048762192130572544e+02 8.295694446361042651e+01
3.051377144338554785e+02 8.358291488417899018e+01
3.043620213242148793e+02 8.398699155497327240e+01
3.040264139103129537e+02 8.460171552993146804e+01
3.033577811936526132e+02 8.511447779921290646e+01
3.029205155311549902e+02 8.486489943572074424e+01
3.030266578978568077e+02 8.575497610148002536e+01
3.029680135721946499e+02 8.595723139631559206e+01
3.030992859773483588e+02 8.676533856954846158e+01
3.021949943599136645e+02 8.704527693215200657e+01
3.019569388874238030e+02 8.701291666305876049e+01
3.020103030880310939e+02 8.691602563443376539e+01
3.019964048495575639e+02 8.790052599423196966e+01
3.020049491830648094e+02 8.795865061099773641e+01
3.019859930347004138e+02 8.893110743925998918e+01
3.020403487712942479e+02 8.898576736541473053e+01
3.010349306929457498e+02 8.993441791299309784e+01
3.009925039146444874e+02 9.099356912203458592e+01
3.009972501073282274e+02 9.100227313100160131e+01
2.999826639660522574e+02 9.201321561252723313e+01
3.000057290224624467e+02 9.203278660772234332e+01
3.000122120899453080e+02 9.303143228774094098e+01
2.999221100398984845e+02 9.307020294516485137e+01
2.989261764103708856e+02 9.404318105731911714e+01
2.990524970085736527e+02 9.411127934791099392e+01
2.988453838921661827e+02 9.506154370508573948e+01
2.979003585203702755e+02 9.510375669434826307e+01
2.980751321946968915e+02 9.631650365334576236e+01
2.977653004922668742e+02 9.702607021611687799e+01
2.968866813315008812e+02 9.718871124661953331e+01
2.970782118481114367e+02 9.834744090713438425e+01
2.967485905702159243e+02 9.932078642827106307e+01
2.955544887810918908e+02 1.004265192464190051e+02
2.948962769037250382e+02 1.011098787047190655e+02
2.951169357209146824e+02 1.008772215411594715e+02
2.945307608107716533e+02 1.014872265960525510e+02
2.940025961884521166e+02 1.019288077960395782e+02
2.934994216020446629e+02 1.028888727546427617e+02
2.930067053303070566e+02 1.046566915995909994e+02
2.924369709380259224e+02 1.054905761337177807e+02
2.920179994525415168e+02 1.066900957293380969e+02
2.913755918289881492e+02 1.069856184606601914e+02
2.910196616626714103e+02 1.075279744156098758e+02
2.903488398522465559e+02 1.087534732938908633e+02
2.898977601646924427e+02 1.090698750282388687e+02
2.901195563393345083e+02 1.089138332073663378e+02
2.892364724232334083e+02 1.096635434457175506e+02
2.889244056066460757e+02 1.108645020146451117e+02
2.891003043738257361e+02 1.109623707527993588e+02
2.881579468085546978e+02 1.117718676298687086e+02
2.879452347945281758e+02 1.128456170899797542e+02
2.880795058448159693e+02 1.138611639891014704e+02
2.870663312947176564e+02 1.148884864586167112e+02
2.870294144295650085e+02 1.159172858085465236e+02
2.860463778259546643e+02 1.169342859317715266e+02
2.859884724525958859e+02 1.179815577802832252e+02
2.860046513308738554e+02 1.180017721331337697e+02
2.849877016894338340e+02 1.180093653262439091e+02
2.850149580347643337e+02 1.190604645900648819e+02
2.849478999424707695e+02 1.200062189801985824e+02
2.839439299645029564e+02 1.201123572688844519e+02
2.840426506441456809e+02 1.222264970811913969e+02
2.838702249952360148e+02 1.230076914807413146e+02
2.829581270368017272e+02 1.231053604093784770e+02
2.828559961405385934e+02 1.242102179955827097e+02
2.819040644355079621e+02 1.252729865955413970e+02
2.820137186456674954e+02 1.260213042257976639e+02
2.820513642222656472e+02 1.262375677270480594e+02
2.817316356442428855e+02 1.270583296729710838e+02
2.808745499379966759e+02 1.272172961255852499e+02
2.811030979721064682e+02 1.283881272725271003e+02
2.806408234178931025e+02 1.293755390880159837e+02
2.798480874818678217e+02 1.304098287032544192e+02
2.802108108794095642e+02 1.314418874889841504e+02
2.790836212721778224e+02 1.324341976124635210e+02
2.777986968686080331e+02 1.335935563722479174e+02
2.780504970317039124e+02 1.339700744052446737e+02
2.779939807811089167e+02 1.345491927759319424e+02
2.779748671404146876e+02 1.350106218502512831e+02
2.781070493038990890e+02 1.355062262940180631e+02
2.773601869173765522e+02 1.366122910585010857e+02
2.769308057865733872e+02 1.377451905775725436e+02
2.769905217691746202e+02 1.379740509505525665e+02
2.771001602025996817e+02 1.386292769466184893e+02
2.762447455390378082e+02 1.397386053436829059e+02
2.759530991999214393e+02 1.407413177838113540e+02
2.759863684189195965e+02 1.417836456580419622e+02
2.760898098560016933e+02 1.427683615661689203e+02
2.751192734448574129e+02 1.439328792578145340e+02
2.750409630599428965e+02 1.438756670878034640e+02
2.740993202014221879e+02 1.458274608183474470e+02
2.739790600324928960e+02 1.459842217688897392e+02
2.740065491184331563e+02 1.469514474682647176e+02
2.739925927598001749e+02 1.469888351887643410e+02
2.740109242040654181e+02 1.479785053668847183e+02
2.729946362815492762e+02 1.490075797935511730e+02
2.730114579355072237e+02 1.500350271529564736e+02
2.729562382299014871e+02 1.510560134984159788e+02
2.719510163710384631e+02 1.521074221966649134e+02
2.720309367530859390e+02 1.530044855077198065e+02
2.719186314903536186e+02 1.531847483096162534e+02
2.707847436578902602e+02 1.552257047024739336e+02
2.699808258293183485e+02 1.563245332169533697e+02
2.698238673369477851e+02 1.582820481347790178e+02
2.689540270708479852e+02 1.593671262416499701e+02
2.687807169608167328e+02 1.616232125348179238e+02
2.679403971905088611e+02 1.633178750273366973e+02
2.677881313023456755e+02 1.645358620091762134e+02
2.666442152426693610e+02 1.667261028965964442e+02
2.655501981986153055e+02 1.687160011633012573e+02
2.650024154361689739e+02 1.708826904508412383e+02
2.645945318681805816e+02 1.724419802948845870e+02
2.639578866863312783e+02 1.737779677560882874e+02
2.636525399596141028e+02 1.760499284189089622e+02
2.623969973745236075e+02 1.776032715076842692e+02
2.619013479129727671e+02 1.783990518684421431e+02
2.621308982437721511e+02 1.801520003580498326e+02
2.613716996216123221e+02 1.815613022465144297e+02
2.610253487887225674e+02 1.832090132570816365e+02
2.603635294500701889e+02 1.847195700892980312e+02
2.599290339961047493e+02 1.856292142064080508e+02
2.599899350389799793e+02 1.867203127853271099e+02
2.601031928279505792e+02 1.875987738192011705e+02
2.592118568170810704e+02 1.895359096513514601e+02
2.590166329271834229e+02 1.907117377086528620e+02
2.582837069062539967e+02 1.926248150559006831e+02
2.570868978428096625e+02 1.937733761771393972e+02
2.570516011544518165e+02 1.957060907859113570e+02
2.561076024762130032e+02 1.968943962933995522e+02
2.559767938525819773e+02 1.978908225548290716e+02
2.560077135778946058e+02 1.989082749560831758e+02
2.559903022683657809e+02 1.999762112107701739e+02
2.560185204023696315e+02 1.999906731069552848e+02
2.550015366143721849e+02 2.009963370220197305e+02
2.549925591204620900e+02 2.020176411550770581e+02
2.539364907267469960e+02 2.030858299765716311e+02
2.529662420161295415e+02 2.051012275272424574e+02
2.530314065606250153e+02 2.061667215793889625e+02
2.528926132707478303e+02 2.081700899122809574e+02
2.519614433724983371e+02 2.092524151158874588e+02
2.518670051420986624e+02 2.112664248208423032e+02
2.509482598009969081e+02 2.121798375043543388e+02
2.508343926827631947e+02 2.132385250533513386e+02
2.498782648182551895e+02 2.142549895929404897e+02
2.500949264684903994e+02 2.152848023501947239e+02
2.496948339375622936e+02 2.163052623190607449e+02
2.489666754348389475e+02 2.173511123152927382e+02
2.486961749324241282e+02 2.182982920346081812e+02
2.478612642844300922e+02 2.196961874228684621e+02
2.481229503023303096e+02 2.218241595694201749e+02
2.475457892368429782e+02 2.239720860192502982e+02
2.469664523346544627e+02 2.254456199634775260e+02
2.466438310990565412e+02 2.269882769523682384e+02
2.453445336218263719e+02 2.285112643855028409e+02
2.450450917431914775e+02 2.300981913599066786e+02
2.444052823522748099e+02 2.315531347529616824e+02
2.440224522032564494e+02 2.332114277468820944e+02
2.433597757590704589e+02 2.346035672870301028e+02
2.429945438022655537e+02 2.362897456868335553e+02
2.424330045765889849e+02 2.377802123802532321e+02
2.411696248588998515e+02 2.385696538796333925e+02
2.410664391563561537e+02 2.405155811370920560e+02
2.401965476868084579e+02 2.417083318265561331e+02
2.400474858007429191e+02 2.435737516834383882e+02
2.391541428767151274e+02 2.448637580820019082e+02
2.390256424485651507e+02 2.457653945062739922e+02
2.381701870239589027e+02 2.476660904330510107e+02
2.371287800886237846e+02 2.498481358463372999e+02
2.360402089906395986e+02 2.508221568689745027e+02
2.360300897991522788e+02 2.538385429255558279e+02
2.350218406078084001e+02 2.549748636620979880e+02
2.350067619725804491e+02 2.559846004391176280e+02
2.339942187124350426e+02 2.570115672110950413e+02
2.339788608018495779e+02 2.580401247913511042e+02
2.329738423535850131e+02 2.590519313131658237e+02
2.329436327103653639e+02 2.601559527113212766e+02
2.319599976794102361e+02 2.621739905018182526e+02
2.319043146155826207e+02 2.631312958512704085e+02
2.309408866051552991e+02 2.641390569523017007e+02
2.309092370322952661e+02 2.653517754666236783e+02
2.297030798677437247e+02 2.673117722848486437e+02
2.289882197124199195e+02 2.682212604451465268e+02
2.287629350711343363e+02 2.692754038190429355e+02
2.279607127061851486e+02 2.703132264639521622e+02
2.277125888923947628e+02 2.712561177239952599e+02
2.269695121899574985e+02 2.726697662308757231e+02
2.266391414289192596e+02 2.745075587501002019e+02
2.260297524265218101e+02 2.752812149386355145e+02
2.253013977290178502e+02 2.768776121202005811e+02
2.232908527055701597e+02 2.784561289454111375e+02
2.231292440982280709e+02 2.799567501739745694e+02
2.220788966557475987e+02 2.815118681032988093e+02
2.203377402642477705e+02 2.830439476966208190e+02
2.195103130997752032e+02 2.846558798966335075e+02
2.182635985139147010e+02 2.855674164758022471e+02
2.181594598768124342e+02 2.865861057151009277e+02
2.166679017117732826e+02 2.877503888725430556e+02
2.159558490855903585e+02 2.879451933711557672e+02
2.153221988672842144e+02 2.887261270871152306e+02
2.149169339710253439e+02 2.889845303506187975e+02
2.150615565711846671e+02 2.896808580961517805e+02
2.143870880345881176e+02 2.907815683400933722e+02
2.122842892910175010e+02 2.917876189342268276e+02
2.119929911262410087e+02 2.928258350425199978e+02
2.112147013818598396e+02 2.938236433943214934e+02
2.100557681498859495e+02 2.949396761306280723e+02
2.100290604023794572e+02 2.949599233438559054e+02
2.090902413619831464e+02 2.959469754096504062e+02
2.080514810075837033e+02 2.959966361799157539e+02
2.070198111072049016e+02 2.969509739161749167e+02
2.059981390833325747e+02 2.990009498159215013e+02
2.039805281204001801e+02 2.990066686286023696e+02
2.039400380897490663e+02 3.000630955419715633e+02
2.019155389878460767e+02 3.010762697049152621e+02
2.019887893944522830e+02 3.021008853959323233e+02
2.007517600272942104e+02 3.031571422417833901e+02
1.987436615711881416e+02 3.040327219886171406e+02
1.979849628929001426e+02 3.041038841669952149e+02
1.978747062668715557e+02 3.052205809536871470e+02
1.967375070745830499e+02 3.062812177123811921e+02
1.957604180179182265e+02 3.070249262263471337e+02
1.946488722727023912e+02 3.072284106687039866e+02
1.939707540448175394e+02 3.081307920289933691e+02
1.937687572130872979e+02 3.078906520435169796e+02
1.926001671896829350e+02 3.083734021889918608e+02
1.916387706645074331e+02 3.090153852532478140e+02
1.904921062243144547e+02 3.093999741471571951e+02
1.899903252056865881e+02 3.100138573275227145e+02
1.896340256193547589e+02 3.104595706870517802e+02
1.884774700492569366e+02 3.110106902244714320e+02
1.874855296524495145e+02 3.114900027224487644e+02
1.864504959503787234e+02 3.121289561598663909e+02
1.854274526376172503e+02 3.118695370883697819e+02
1.843981624577917842e+02 3.126155757642419530e+02
1.833823315091597976e+02 3.131092267758125445e+02
1.823189144715329064e+02 3.128673606803828307e+02
1.814307009736986345e+02 3.137319033344512036e+02
1.795521069006427410e+02 3.139865410156860435e+02
1.782459931349339968e+02 3.146493305517508361e+02
1.771367994369791177e+02 3.158389793134604702e+02
1.771213444893861606e+02 3.160587524929962910e+02
1.753952702758584223e+02 3.159028303007926297e+02
1.741060047337468859e+02 3.168861435516818688e+02
1.732048231022147320e+02 3.169725491742385657e+02
1.712408746682301626e+02 3.178663237676261133e+02
1.691822786083232302e+02 3.189041034383681676e+02
1.670991348987547838e+02 3.199717920490962797e+02
1.660258061699362031e+02 3.199894660650750779e+02
1.650158426476459681e+02 3.209870210970236144e+02
1.629694182378549101e+02 3.220076229756909925e+02
1.608826615648712561e+02 3.219896625056626362e+02
1.578630312165822147e+02 3.220372138657374990e+02
1.569302871249909401e+02 3.231182954264974683e+02
1.558716005506749411e+02 3.240454250242822809e+02
1.548580186238284568e+02 3.239839316688796202e+02
1.538194137147047797e+02 3.240137598966234123e+02
1.528355202658947576e+02 3.239569531909607463e+02
1.516212616130759443e+02 3.241903736099313846e+02
1.494912832725986220e+02 3.250932068852901580e+02
1.474021903483484266e+02 3.249889018107311927e+02
1.456302652641955717e+02 3.249420485062637454e+02
1.446286030118022552e+02 3.252985709885215897e+02
1.439488343358505631e+02 3.261079804173029970e+02
1.438110547109766628e+02 3.259709328118915437e+02
1.421732645824998542e+02 3.260078706421178367e+02
1.404737583220659189e+02 3.259974838561852835e+02
1.395488851530157319e+02 3.260023342852969677e+02
1.385808813525893868e+02 3.259929161680489642e+02
1.370804906423094565e+02 3.260267514052746378e+02
1.348240550570291987e+02 3.258978333521531567e+02
1.333705152012331894e+02 3.265662212345091575e+02
1.324280092451709834e+02 3.271161164530545307e+02
1.313829647549095796e+02 3.268700666075001209e+02
1.303533247724335524e+02 3.276699077221209109e+02
1.293593892595186503e+02 3.280707398790337379e+02
1.282108816812375949e+02 3.279825187500889001e+02
1.280029330152749480e+02 3.280042765308980961e+02
1.274157929532242690e+02 3.279989658006361424e+02
1.253829435063137652e+02 3.280002467665791528e+02
1.242594023797986864e+02 3.279999420532396357e+02
1.222997606141672122e+02 3.280000133519227461e+02
1.212165867677744018e+02 3.279999969659899648e+02
1.191429654113239422e+02 3.280000007765336818e+02
1.190717428110389733e+02 3.279999994730906678e+02
1.171028998938041354e+02 3.280000011595079172e+02
1.170013334694659477e+02 3.279999971387931055e+02
1.160294920420835325e+02 3.280000049910836992e+02
1.149985026152634049e+02 3.280000046401669920e+02
1.149871129909466134e+02 3.279998881072617678e+02
1.139343987515350705e+02 3.280007961790865352e+02
1.129201764475373153e+02 3.279955338598275034e+02
1.118893845537688492e+02 3.280225002918160726e+02
1.108673016869347379e+02 3.278910377743554250e+02
1.098291933424493152e+02 3.269473105963834314e+02
1.088549082206681078e+02 3.269147886951475357e+02
1.075958502487986408e+02 3.257009631342854732e+02
1.057203061777827742e+02 3.250372824752953420e+02
1.045146538277220287e+02 3.245434846965514453e+02
1.026600249985860245e+02 3.228381176930737411e+02
1.014299011958141534e+02 3.228251746385695355e+02
9.952009741078103389e+01 3.216126746186851051e+02
9.874692691061427752e+01 3.206634053550011458e+02
9.719656732903276009e+01 3.195129127549408281e+02
9.556295270134762632e+01 3.190041974513661671e+02
9.414249493550359205e+01 3.185894005730057188e+02
9.241513920627517109e+01 3.178705190614007847e+02
9.153265022115911620e+01 3.181072342604185792e+02
9.045428455140879009e+01 3.175454128590008054e+02
8.949882122586966204e+01 3.164244824498377398e+02
8.804584115967567470e+01 3.154501141997964737e+02
8.506214540037164795e+01 3.143082746145639703e+02
8.325550495908167647e+01 3.139450679623598717e+02
8.229285425262048648e+01 3.139873641576287469e+02
8.194300647877139454e+01 3.141001825608363447e+02
8.199383190907678909e+01 3.132670579141951634e+02
8.207433155446538819e+01 3.129234319892999565e+02
8.128362273124902515e+01 3.130816517890962132e+02
8.019746176291987183e+01 3.122726735532496036e+02
7.921457062985277275e+01 3.110906640073202425e+02
7.807986329209334997e+01 3.110572557923697445e+02
7.805081903413315558e+01 3.100907563704440122e+02
7.707020225596544094e+01 3.100390195320638895e+02
7.703238518753539665e+01 3.090510879458831255e+02
7.603378656362413324e+01 3.090265116243311354e+02
7.601460960587864690e+01 3.080125039212984461e+02
7.500298969903678881e+01 3.080066236470740932e+02
7.498852882005942888e+01 3.059771095413756257e+02
7.398779842643706672e+01 3.059919673572481997e+02
7.390942412751289226e+01 3.049025008607148948e+02
7.189146153631696734e+01 3.039651487774817724e+02
7.203674755456108869e+01 3.040059016671226004e+02
7.198063967490256232e+01 3.040228015817152141e+02
7.204164202271167028e+01 3.038779760755673465e+02
7.182369883352754414e+01 3.028230874432832707e+02
7.094276950880278321e+01 3.015776689361365470e+02
7.086077909751313086e+01 2.996727097074299309e+02
6.964241190677840621e+01 2.986165244477999750e+02
6.892889598984145039e+01 2.960457070037412564e+02
6.900659917200570703e+01 2.934186207757700799e+02
6.904959024251158439e+01 2.930047901779127528e+02
6.872548217569661233e+01 2.927925694578190701e+02
6.747425855754687518e+01 2.911698607900958677e+02
6.701452291160261154e+01 2.894640084665652466e+02
6.656285298004739559e+01 2.885641943552974453e+02
6.590038717836586102e+01 2.875027956771047002e+02
6.599903884124047693e+01 2.864944529396314579e+02
6.610283424801860974e+01 2.854315394605472989e+02
6.540231575206507841e+01 2.845377938652989087e+02
6.499205535114261068e+01 2.828061291609764680e+02
6.448867084845319653e+01 2.812706732065857409e+02
6.325662308276240253e+01 2.804833146028616966e+02
6.292057782175795211e+01 2.786260889530335589e+02
6.311729319425808882e+01 2.772384018685978049e+02
6.223959482280011457e+01 2.762948978487797831e+02
6.195383252370549343e+01 2.752406486472555116e+02
6.198790153917586565e+01 2.742502452346251971e+02
6.208341126535727028e+01 2.731148327732181542e+02
6.113962709851267618e+01 2.730266733631464149e+02
6.096985456607500709e+01 2.722025353457333381e+02
6.100682131195897995e+01 2.710321910845444791e+02
6.099762452351336606e+01 2.710914473706324657e+02
6.100322927408791429e+01 2.690911412785113725e+02
6.099269628230990747e+01 2.690057194076953806e+02
6.101122871497515376e+01 2.680181909962532814e+02
5.999593182917693213e+01 2.669857318186888051e+02
5.998206685298118401e+01 2.649435346003463110e+02
5.896278870143036954e+01 2.639485446106178870e+02
5.901352948868900938e+01 2.629090960927629226e+02
5.899562399112875255e+01 2.618897386922703845e+02
5.900087640345119411e+01 2.608525101862569500e+02
5.900196909591286953e+01 2.598710390823782745e+02
5.898961540230682488e+01 2.586433105255777036e+02
5.904510523623761742e+01 2.567317943903314585e+02
5.879509762935878570e+01 2.556006839016854713e+02
5.788431964091957838e+01 2.534920808668915129e+02
5.809149134689861427e+01 2.511491967072679756e+02
5.769996336476571486e+01 2.482655157324934407e+02
5.689347009447587311e+01 2.462700192946263655e+02
5.703397913025828814e+01 2.445552562096557665e+02
5.697002811758910923e+01 2.435401577794694674e+02
5.709007403697152228e+01 2.429803780431516316e+02
5.656355463842355391e+01 2.426541321723279623e+02
5.587112019279199870e+01 2.414994351672613959e+02
5.612752037730631827e+01 2.404847662520642757e+02
5.545868428463071353e+01 2.395414896217534988e+02
5.490687846399377747e+01 2.379959384207515711e+02
5.503096586765171594e+01 2.356919929902093713e+02
5.496522331993491406e+01 2.344872577351285656e+02
5.510918979479826874e+01 2.322900198420607580e+02
5.431372711884839788e+01 2.287972216135615042e+02
5.393204497837851363e+01 2.272900402720630382e+02
5.401666206171960027e+01 2.256811084905472455e+02
5.399599161521639701e+01 2.233943306974305187e+02
5.400083821481084811e+01 2.223226668230835230e+02
5.400023050790836265e+01 2.202975385117728990e+02
5.399846739639924920e+01 2.200185455832116190e+02
5.400534672677527226e+01 2.191181614541658291e+02
5.398240698098119594e+01 2.190443293776824021e+02
5.405545974098708939e+01 2.180577196274254277e+02
5.305743467238900735e+01 2.180643981089012300e+02
5.299003126755085447e+01 2.160962195409914841e+02
5.300133495830539943e+01 2.150336647013587879e+02
5.299997549852196954e+01 2.130047491092207110e+02
5.299992472541323707e+01 2.109698921135013165e+02
5.300004008938770994e+01 2.099210637929067786e+02
5.299998453463922488e+01 2.078797060903309841e+02
5.300000477563922630e+01 2.069130475645766580e+02
5.300000096973820973e+01 2.058669891807797967e+02
5.299998825545047509e+01 2.048475156087498874e+02
5.300005430229860792e+01 2.038185479822340938e+02
5.299976410367181501e+01 2.027975242069929038e+02
5.300100277944046923e+01 2.017524198619374260e+02
5.299580428052175307e+01 2.008058155980150445e+02
5.301732523216772819e+01 1.994282024422716688e+02
5.292926648095687625e+01 1.977291802899252389e+02
5.332396622343848946e+01 1.960326603937382970e+02
5.405004268519938648e+01 1.935765092979118265e+02
5.425853994831765448e+01 1.919110857645894441e+02
5.550773521807631283e+01 1.894436335116697592e+02
5.610031741157914809e+01 1.881890773584022725e+02
5.588346517503359223e+01 1.864203753466890703e+02
5.649836866604105268e+01 1.855126665459372646e+02
5.708892332410810155e+01 1.845738978873862095e+02
5.700526743727025547e+01 1.829123061293766170e+02
5.689166300281731736e+01 1.813104377389437047e+02
5.764302286283336940e+01 1.805320589235171553e+02
5.796532983555910334e+01 1.787354022214942120e+02
5.868399539425022482e+01 1.772487288270719432e+02
5.896129575276298596e+01 1.764478385270998047e+02
5.974288051539416244e+01 1.745705471394277879e+02
5.995495491234057539e+01 1.731889593635275446e+02
6.079978629713008331e+01 1.723560746656592926e+02
6.095201632862625729e+01 1.704101093236633346e+02
6.185252711222099009e+01 1.691337019369966015e+02
6.195405088127778725e+01 1.682512143529020818e+02
6.289879783604432362e+01 1.662695180187565143e+02
6.296628551151034259e+01 1.650387329387602620e+02
6.392483929200230364e+01 1.650162941527516978e+02
6.402369634309724233e+01 1.641130524536398525e+02
6.397311614671031776e+01 1.620637904265471434e+02
6.499401269935987102e+01 1.610107373505400687e+02
6.500675185125930966e+01 1.599857946229648746e+02
6.601967452638508860e+01 1.589689708122747334e+02
6.602229035321246897e+01 1.578855672771397565e+02
6.712284361923353515e+01 1.558788040524516703e+02
6.802400506618346299e+01 1.548045972309761851e+02
6.807660248515209389e+01 1.528111289851894128e+02
6.918232855977646523e+01 1.517186116516531627e+02
7.022124199297719827e+01 1.497107236024478425e+02
7.107486488858667428e+01 1.488144028702691628e+02
7.097509336466661978e+01 1.477065017436314633e+02
7.102243245013109174e+01 1.469102034041870013e+02
7.093032942633946902e+01 1.470724296928265460e+02
7.131109782037493972e+01 1.467524657350616337e+02
7.205333167245407822e+01 1.456274420045098168e+02
7.223968647990975001e+01 1.446287482321670836e+02
7.352803783504617741e+01 1.435933077077459643e+02
7.397213304578336590e+01 1.425779321807801807e+02
7.447936206082863464e+01 1.415172897277757329e+02
7.490614245688021811e+01 1.406237681387422356e+02
7.600972529892153773e+01 1.389565527751547620e+02
7.712298226740259111e+01 1.374738330589078998e+02
7.741513385460540064e+01 1.358963030115710922e+02
7.869424985304200959e+01 1.343147211878881819e+02
7.908584508272174673e+01 1.334328583505436825e+02
7.888011604168366375e+01 1.322796371684052019e+02
7.968578303859908374e+01 1.319139055759170276e+02
8.009651207684235885e+01 1.321246586414800959e+02
7.987386706246591928e+01 1.312270507768808727e+02
8.080745869133126291e+01 1.310234604540223700e+02
8.094942511697558984e+01 1.302826770149463584e+02
8.183621612605881523e+01 1.291997907384447899e+02
8.197587820459827412e+01 1.281628799715686569e+02
8.281228894896304382e+01 1.272212879795677054e+02
8.387828145934747681e+01 1.252441582894406906e+02
8.489940396255859412e+01 1.240253224407405241e+02
8.591533287623840920e+01 1.240346076140541811e+02
8.697279285292592022e+01 1.230355861047458745e+02
8.700336824517617629e+01 1.229957533906225393e+02
8.700007646670667327e+01 1.229999566929501214e+02
8.699948610836521823e+01 1.229975645702711802e+02
8.700204401207203375e+01 1.230205409616863506e+02
8.698900486268466636e+01 1.228807970895507680e+02
8.705688143193447104e+01 1.209114174747768828e+02
8.817219257674763355e+01 1.209264410351256060e+02
8.903056959018272210e+01 1.199488683383027734e+02
8.909649386512241165e+01 1.198677010704549275e+02
9.026188253008729134e+01 1.189386509330165325e+02
9.109694127814104547e+01 1.188657941773939797e+02
9.085978507526263570e+01 1.177091485453231030e+02
9.155253536617853172e+01 1.167194289712768978e+02
9.306926202269539772e+01 1.156844414518791666e+02
9.358576072716510907e+01 1.146564651727056372e+02
9.517299440473821903e+01 1.136486322242759570e+02
9.522784889459438773e+01 1.125474813900824955e+02
9.652733326402258740e+01 1.118918813990251522e+02
9.707309199872801742e+01 1.121150587838673687e+02
9.698030633248210108e+01 1.115295785325250080e+02
9.700703768756281420e+01 1.108986113697587683e+02
9.699089752411293830e+01 1.110335892604496593e+02
9.703009200653531252e+01 1.109635552497146591e+02
9.688717568206087094e+01 1.111146067890788487e+02
9.764099469160751710e+01 1.103579656948015213e+02
9.799540347194862022e+01 1.100070507585919586e+02
9.857286617321211963e+01 1.094183852614619212e+02
9.970015444198980958e+01 1.083319669313609097e+02
1.006933601207497588e+02 1.071894184624139967e+02
1.017554027236971734e+02 1.070584847264100290e+02
1.026725041084170442e+02 1.062011125352901502e+02
1.045586806215773095e+02 1.060176659985995258e+02
1.065241893661776658e+02 1.052518857103279970e+02
1.095960731252938842e+02 1.040947924622506662e+02
1.109145468479099748e+02 1.039800140279619427e+02
1.118664295565783249e+02 1.040042544598824747e+02
1.129442888577919746e+02 1.039991444639981921e+02
1.130305546966419570e+02 1.040001590331812196e+02
1.129493779975019550e+02 1.039999691862882401e+02
1.159693201224282006e+02 1.040000092929266202e+02
1.190488682903306739e+02 1.040000579401336580e+02
1.221346158686824310e+02 1.039994381296576336e+02
1.251793882690991353e+02 1.040034788169673732e+02
1.271195450118920292e+02 1.039815860428462315e+02
1.281360220483966827e+02 1.040915871949832052e+02
1.290335158050050097e+02 1.050710316284609149e+02
1.291013388652967251e+02 1.049785756719628012e+02
1.301863482387848308e+02 1.050070069917275504e+02
1.313847735499222722e+02 1.049947852072809127e+02
1.334665997027393303e+02 1.050149409185591196e+02
1.358114195285054677e+02 1.049400371609975480e+02
1.386367134516131330e+02 1.052728887087678089e+02
1.409727820873354744e+02 1.061063639176181539e+02
1.436151410369655821e+02 1.059707859980822633e+02
1.440341806878062982e+02 1.060094354586525469e+02
1.439800732101900849e+02 1.059912331288589797e+02
1.440476691373909262e+02 1.060268403346409087e+02
1.438222569832025499e+02 1.058973861783621402e+02
1.449149584629493859e+02 1.065112191938759167e+02
1.465276423787856572e+02 1.069900112103666174e+02
1.480589224694459460e+02 1.075467031292569828e+02
1.496326234304969773e+02 1.079920223365598417e+02
1.506793326384341185e+02 1.085805772421123834e+02
1.509570784711426938e+02 1.090881574156891674e+02
1.516718883947866630e+02 1.089799100548947450e+02
1.519864058610710060e+02 1.089973701024464106e+02
1.526446335632782620e+02 1.090286352446544669e+02
1.536568936762545263e+02 1.088914010563240140e+02
1.554444537249995619e+02 1.098059509857264828e+02
1.575540429687111441e+02 1.099557223363446354e+02
1.595956414303293798e+02 1.108210863548498253e+02
1.616390212264853119e+02 1.110407772539692104e+02
1.637305270293734338e+02 1.109857488279235724e+02
1.649792845800875511e+02 1.110196744754104401e+02
1.649041578186462118e+02 1.109445013857625071e+02
1.669034660277032742e+02 1.119577137684134698e+02
1.669976155343393316e+02 1.119864826114602039e+02
1.679724139596169721e+02 1.129774280075798458e+02
1.700204070186605634e+02 1.140070799713591470e+02
1.740963491042940916e+02 1.150041899133681511e+02
1.761374612879723713e+02 1.150727182240040349e+02
1.792288617824958692e+02 1.170988551278925627e+02
1.811592438356463788e+02 1.169456263364687771e+02
1.820230923553347679e+02 1.171205185587882625e+02
1.820868357382124145e+02 1.180466509792259160e+02
1.832188065120408282e+02 1.181007754525069231e+02
1.841691578906645361e+02 1.192396854598279816e+02
1.854200220223130486e+02 1.202320139932033243e+02
1.874990205663955862e+02 1.212727067243819619e+02
1.898263853635789076e+02 1.222734948300791871e+02
1.927979948820938034e+02 1.233927080929328781e+02
1.943999433659220983e+02 1.240042426248439682e+02
1.953543353339832436e+02 1.243483079599715353e+02
1.964048100208727874e+02 1.250232656958033317e+02
1.974039697526485497e+02 1.254012892442877956e+02
1.985166970430973095e+02 1.260235366614188592e+02
1.991036956371998201e+02 1.264256653430765738e+02
1.988923883116013087e+02 1.271637591814902208e+02
1.994826981029185617e+02 1.267589099730578397e+02
2.004669490452557739e+02 1.281561817610521246e+02
2.021608704626171118e+02 1.290823744914165445e+02
2.037114350992601999e+02 1.295296144143385959e+02
2.045300054070943361e+02 1.305226722643603807e+02
2.062381157639468370e+02 1.324370804336948879e+02
2.084596681424750955e+02 1.330490803521322505e+02
2.097625332791826622e+02 1.336007060264863355e+02
2.106967750265837935e+02 1.348542827311957524e+02
2.118586447315146017e+02 1.349588785488120095e+02
2.119641418191924060e+02 1.357487775435205890e+02
2.127738976925787711e+02 1.368023203851373069e+02
2.138476679918404670e+02 1.379066892506789088e+02
2.148629203257439144e+02 1.379871831983693653e+02
2.158913025169205469e+02 1.388126445858016211e+02
2.169168328796245078e+02 1.408613635954549466e+02
2.179429641983867896e+02 1.419527361473556368e+02
2.189689526322646884e+02 1.429676097896517888e+02
2.199950040871633803e+02 1.439950405623871461e+02
2.210211685460145929e+02 1.450208932840175748e+02
2.220457676587416813e+02 1.460486534275226802e+02
2.230807408263510467e+02 1.470632483478467520e+02
2.240591445964576280e+02 1.481513342150929873e+02
2.253221075808661737e+02 1.502899495565503400e+02
2.282644452432034825e+02 1.521732688149725448e+02
2.292794351638360695e+02 1.533043175466719390e+02
2.312916660544465799e+02 1.552943346313001030e+02
2.322494817735164077e+02 1.562065146436674468e+02
2.330420804193892081e+02 1.572476766622397122e+02
2.331773718632037458e+02 1.583411825102209320e+02
2.343355228507861909e+02 1.590255699600545540e+02
2.353272459506741541e+02 1.592470077525391332e+02
2.363545459999179172e+02 1.603066743488320185e+02
2.374123739251057543e+02 1.617592262893679163e+02
2.383027829711606103e+02 1.634572836859451002e+02
2.399474802638109736e+02 1.647409854435019838e+02
2.411413717955942957e+02 1.670394258748645768e+02
2.412424247501712102e+02 1.685334189729635170e+02
2.431401999645024148e+02 1.696062153782592361e+02
2.441908833255143350e+02 1.699692861415385039e+02
2.438462676129609576e+02 1.705817236391972358e+02
2.446433568696735676e+02 1.710069245258438286e+02
2.449939882736976244e+02 1.715321709159809132e+02
2.455653448854870646e+02 1.726671165940804258e+02
2.466921734454750208e+02 1.736681029706385573e+02
2.476907700525592020e+02 1.746920779356033790e+02
2.487321954812932461e+02 1.757486568348930973e+02
2.497233911375061837e+02 1.766592451315920869e+02
2.508681463753482319e+02 1.785633718078413210e+02
2.509644391286073528e+02 1.799245947481193468e+02
2.517937187529618086e+02 1.799732114381814654e+02
2.528568333381684567e+02 1.807697080947976360e+02
2.538942051928888759e+02 1.827497738135851648e+02
2.548569771035147369e+02 1.848055645281129387e+02
2.568809113491195717e+02 1.868885383542314855e+02
2.579727126169275380e+02 1.879760578620339970e+02
2.589726369226128782e+02 1.889655092463861479e+02
2.610143618073205971e+02 1.920269538280223856e+02
2.620551306267906284e+02 1.940725414920376579e+02
2.640964966128225910e+02 1.960780315733957764e+02
2.650923056182766118e+02 1.971586716632202183e+02
2.660283413156689676e+02 1.990862521580212672e+02
2.660923533869699327e+02 1.990742375241109414e+02
2.670825946368420887e+02 2.000880758598608224e+02
2.669731004479028798e+02 1.999714101134142652e+02
2.670190696629069862e+02 2.000199010508181630e+02
2.669468323379254002e+02 1.999451428390066781e+02
2.672331753613206047e+02 2.002396920650978700e+02
2.681217458603127852e+02 2.010951226411700361e+02
2.678969956878275980e+02 2.010051367220427210e+02
2.683506177993784263e+02 2.008730746675690852e+02
2.690267648410622883e+02 2.016401009906989259e+02
2.693485845899414812e+02 2.035313753161884165e+02
2.701378958162580943e+02 2.043912954331439096e+02
2.698772300700606479e+02 2.054630550573937455e+02
2.704767736365943165e+02 2.064705318761712078e+02
2.711197546540034864e+02 2.075264862234815268e+02
2.708909296018975965e+02 2.084485871259217618e+02
2.714975284297550502e+02 2.100402078177079375e+02
2.725709568764593200e+02 2.121831713119087226e+02
2.737118800903710394e+02 2.142149892507943036e+02
2.739788186000165524e+02 2.162610983182794939e+02
2.745848356047146694e+02 2.183556922085641077e+02
2.757128723795541418e+02 2.202461301494644772e+02
2.766793308624874612e+02 2.232508129889218935e+02
2.778439726783403785e+02 2.248393768304687228e+02
2.779463868732227638e+02 2.257402365699531117e+02
2.788115873612836708e+02 2.267981043196347457e+02
2.790580541225030515e+02 2.278098399490497457e+02
2.789308948054796247e+02 2.288622656032416103e+02
2.798546962601548671e+02 2.298060838663673735e+02
2.808844562295219589e+02 2.318088826671600486e+02
2.819625221761270382e+02 2.329598842533548293e+02
2.819866531563409353e+02 2.338814952031254961e+02
2.829622683300939343e+02 2.369406770190052782e+02
2.839998969872513612e+02 2.379988728575029882e+02
2.840314375037889931e+02 2.400589322912248065e+02
2.860506109158099548e+02 2.420713973679334572e+02
2.860355218134368442e+02 2.430701552650693600e+02
2.870423582069334429e+02 2.441007146824440781e+02
2.870772775294138910e+02 2.451526443404838460e+02
2.880864882942380518e+02 2.460400639432373282e+02
2.879463761736934657e+02 2.460697693540214175e+02
2.881454788133300440e+02 2.473686101850302066e+02
2.892465427943348573e+02 2.494788232537403871e+02
2.902734656170941321e+02 2.515179899416963281e+02
2.912072674845234701e+02 2.535585623391393995e+02
2.926651987747756039e+02 2.556755259700502450e+02
2.941125180494780125e+02 2.574214569918453321e+02
2.943106586844359640e+02 2.583410988631508189e+02
2.950339990492049083e+02 2.593934924892452045e+02
2.953847778411274589e+02 2.604216936035533649e+02
2.960486120598866364e+02 2.614109190210596694e+02
2.963278649286954192e+02 2.625877420918728831e+02
2.976296110038013580e+02 2.629081259652425615e+02
2.979613383695865423e+02 2.639191312975871710e+02
2.985580374041560958e+02 2.657621700836414220e+02
2.990106626458951382e+02 2.659867043479479776e+02
2.995065536496157392e+02 2.664058532358507136e+02
3.006440266662630734e+02 2.683115548126478416e+02
3.016541971478324058e+02 2.696335871673197175e+02
3.026389325306581668e+02 2.712864312188254416e+02
3.038408816457921944e+02 2.733920030255392248e+02
3.038374531833236460e+02 2.755573606157403219e+02
3.055931051000887351e+02 2.766999067111987642e+02
3.059978516048972779e+02 2.785847421510009667e+02
3.068425035556633702e+02 2.798483829935992162e+02
3.069576522970611450e+02 2.808236035699730451e+02
3.078955251265435891e+02 2.818547109936734500e+02
3.079781274857223252e+02 2.829005198316132237e+02
3.088905094045459236e+02 2.838579608698371430e+02
3.099412956467974709e+02 2.859007432789434233e+02
3.109570157550868430e+02 2.869461672479034178e+02
3.119934796952339866e+02 2.889797898174340958e+02
3.119962090038666815e+02 2.900121268282682649e+02
3.120232651463516618e+02 2.910351733306864617e+02
3.130698639230958520e+02 2.921082155554059909e+02
3.141083017219953035e+02 2.941608275833727930e+02
3.150248975232254907e+02 2.950067153684804566e+02
3.150975491875138914e+02 2.951078837860678163e+02
3.160802375663851649e+02 2.960561035486697392e+02
3.159873260329995901e+02 2.960938434365583589e+02
3.159573658183391558e+02 2.972956444013387340e+02
3.162220467411399341e+02 2.980269215841792629e+02
3.170592413153098619e+02 2.981757299355220425e+02
3.171719406485936474e+02 2.993265900055340580e+02
3.184310389957997245e+02 3.003228664534694303e+02
3.190004315940235529e+02 3.013382972605310215e+02
3.193368482238232104e+02 3.024419213716107038e+02
3.201129945212475718e+02 3.030849233001427478e+02
3.199700169249958321e+02 3.029774656182470380e+02
3.200079042436539112e+02 3.030059405929492300e+02
3.199979294882120371e+02 3.029984438653124244e+02
3.200005389553865029e+02 3.030004050627371157e+02
3.199998605979778290e+02 3.029998952296126049e+02
3.200000358235787417e+02 3.030000269239294539e+02
3.199999908556681021e+02 3.029999931273939069e+02
3.200000023177688604e+02 3.030000017419654341e+02
3.199999994169299953e+02 3.029999995617836248e+02
3.200000001454917538e+02 3.030000001093418405e+02
3.199999999640149326e+02 3.029999999729747060e+02
3.200000000088285788e+02 3.030000000065625159e+02
3.199999999977982839e+02 3.029999999986070520e+02
3.200000000007561312e+02 3.029999999996380211e+02
3.199999999990162678e+02 3.030000000025189024e+02
3.200000000030008778e+02 3.029999999910439783e+02
3.199999999899940804e+02 3.030000000301869250e+02
3.200000000326161853e+02 3.029999999015291792e+02
3.199999998982183342e+02 3.030000003073024573e+02
3.200000002962081567e+02 3.029999991056773183e+02
3.199999992424707784e+02 3.030000022871608394e+02
3.200000013902846376e+02 3.029999958024002353e+02
3.200000007082470574e+02 3.029999978616338012e+02
3.199999733609591317e+02 3.030000804296015531e+02
3.200001955866608228e+02 3.029994094773437610e+02
3.199988899931028641e+02 3.030033513748781502e+02
3.200056268583077781e+02 3.029830111762153138e+02
3.199732643874128257e+02 3.030830808834916752e+02
3.201257674779121771e+02 3.041657644953053818e+02
3.210826931190587743e+02 3.052212892387482839e+02
3.209760748129783678e+02 3.060271437358732669e+02
3.210068061697049302e+02 3.061820108632373376e+02
3.209980903451890981e+02 3.071049942768807455e+02
3.210005296114728708e+02 3.069708815575982044e+02
3.209998545901175930e+02 3.070079947461568395e+02
3.210000395700932359e+02 3.069978244061239252e+02
3.209999893180826689e+02 3.070005872999582266e+02
3.210000028623019830e+02 3.069998426284535640e+02
3.209999992383325207e+02 3.070000418770620740e+02
3.210000002013437097e+02 3.069999889299684241e+02
3.209999999471165779e+02 3.070000029075952170e+02
3.210000000138024916e+02 3.069999992410614595e+02
3.209999999964203425e+02 3.070000001970846597e+02
3.210000000009225687e+02 3.069999999482484441e+02
3.209999999997638724e+02 3.070000000169014243e+02
3.210000000000600267e+02 3.069999999819565346e+02
3.209999999999849365e+02 3.070000000559271598e+02
3.210000000000038654e+02 3.069999997954016067e+02
3.209999999999991473e+02 3.070000007523381669e+02
3.210000000000002274e+02 3.069999972551032101e+02
3.210000000000000000e+02 3.070000099176287449e+02
3.210000000000000568e+02 3.069999645684140432e+02
3.210000000000000000e+02 3.070001249066768310e+02
3.210000000000000568e+02 3.069995667480780526e+02
3.210000000000000568e+02 3.070014723942528576e+02
3.210000000000000568e+02 3.069951288921924970e+02
3.210000000000000000e+02 3.070155218579396887e+02
3.210000000000000568e+02 3.069532651651580863e+02
3.210000000000000568e+02 3.079581210535837954e+02
3.210000000000001137e+02 3.080061039765162718e+02
3.210000000000001137e+02 3.079996305049744478e+02
3.210000000000000568e+02 3.079997870521572736e+02
3.210000000000000568e+02 3.080001331598487013e+02
3.210000000000001137e+02 3.079999458687379388e+02
3.210000000000000568e+02 3.080000189467772316e+02
3.210000000000000568e+02 3.079999938624462743e+02
3.210000000000000568e+02 3.080000018953810468e+02
3.210000000000000568e+02 3.079999994335268525e+02
3.210000000000000000e+02 3.080000001652787205e+02
3.210000000000000568e+02 3.079999999526658030e+02
3.210000000000000568e+02 3.080000000133545655e+02
3.210000000000000568e+02 3.079999999962788593e+02
3.210000000000000568e+02 3.080000000010258532e+02
3.210000000000001137e+02 3.079999999997198756e+02
3.210000000000001137e+02 3.080000000000759428e+02
3.210000000000001705e+02 3.079999999999797069e+02
3.210000000000000568e+02 3.080000000000055138e+02
3.210000000000000000e+02 3.079999999999986358e+02
3.210000000000000568e+02 3.080000000000003979e+02
3.209999999999999432e+02 3.079999999999998863e+02
3.210000000000000568e+02 3.080000000000000568e+02
3.210000000000000568e+02 3.080000000000000568e+02
3.210000000000000568e+02 3.080000000000001137e+02
3.210000000000000000e+02 3.080000000000001137e+02
3.210000000000000568e+02 3.080000000000000568e+02
3.210000000000000568e+02 3.080000000000000568e+02
3.210000000000000568e+02 3.080000000000000568e+02
3.210000000000000568e+02 3.080000000000000568e+02
3.210000000000000000e+02 3.080000000000000000e+02
3.210000000000000568e+02 3.080000000000000568e+02
3.210000000000001137e+02 3.080000000000001137e+02
3.210000000000000568e+02 3.080000000000000568e+02
3.210000000000000568e+02 3.080000000000000000e+02
3.210000000000000000e+02 3.080000000000000568e+02
3.210000000000000568e+02 3.080000000000001137e+02
3.210000000000000568e+02 3.080000000000000568e+02
3.210000000000001137e+02 3.080000000000001137e+02
3.210000000000000000e+02 3.080000000000000568e+02
3.210000000000000568e+02 3.080000000000000000e+02
3.210000000000000568e+02 3.080000000000000568e+02
3.210000000000000568e+02 3.080000000000000000e+02
3.210000000000000568e+02 3.080000000000000000e+02
3.210000000000000568e+02 3.080000000000000568e+02
3.210000000000000568e+02 3.080000000000000568e+02
3.210000000000000568e+02 3.080000000000000568e+02
3.210000000000000568e+02 3.080000000000000568e+02
3.210000000000000568e+02 3.080000000000001137e+02
3.210000000000000568e+02 3.080000000000001137e+02
3.210000000000000568e+02 3.080000000000001137e+02
3.210000000000000000e+02 3.080000000000000568e+02
3.210000000000000568e+02 3.080000000000000568e+02
3.210000000000001137e+02 3.080000000000001137e+02
3.210000000000000568e+02 3.080000000000000568e+02
3.210000000000000568e+02 3.080000000000000000e+02
3.210000000000000568e+02 3.080000000000000568e+02
3.210000000000000000e+02 3.079999999999999432e+02
3.210000000000000568e+02 3.080000000000000568e+02
3.210000000000000568e+02 3.080000000000000568e+02
3.210000000000000568e+02 3.080000000000000000e+02
3.210000000000000568e+02 3.080000000000000000e+02
3.210000000000000000e+02 3.080000000000000000e+02
3.210000000000000568e+02 3.080000000000000568e+02
3.210000000000000000e+02 3.080000000000000000e+02
3.210000000000000000e+02 3.080000000000000000e+02
3.210000000000000568e+02 3.080000000000001137e+02
3.210000000000001137e+02 3.080000000000001137e+02
3.210000000000000568e+02 3.080000000000000568e+02
3.210000000000000568e+02 3.080000000000000568e+02
3.210000000000000568e+02 3.080000000000000568e+02
3.210000000000000568e+02 3.080000000000000568e+02
3.210000000000000000e+02 3.080000000000000000e+02
3.210000000000000000e+02 3.080000000000000568e+02
3.210000000000000568e+02 3.080000000000000568e+02
3.210000000000000568e+02 3.080000000000001137e+02
3.210000000000000568e+02 3.080000000000000568e+02
3.210000000000000568e+02 3.080000000000000000e+02
3.210000000000001137e+02 3.080000000000000568e+02
3.210000000000001137e+02 3.080000000000000000e+02
3.210000000000000568e+02 3.080000000000001137e+02
3.210000000000000000e+02 3.080000000000000568e+02
3.210000000000000568e+02 3.080000000000001137e+02
3.210000000000001137e+02 3.080000000000001705e+02
3.210000000000001137e+02 3.080000000000000568e+02
3.210000000000000568e+02 3.080000000000000568e+02
3.210000000000001137e+02 3.080000000000000568e+02
3.210000000000001137e+02 3.080000000000001137e+02
3.210000000000000568e+02 3.080000000000001137e+02
3.210000000000000568e+02 3.080000000000000568e+02
3.210000000000000568e+02 3.080000000000000000e+02
3.209999999999999432e+02 3.080000000000000000e+02
3.210000000000000568e+02 3.080000000000000568e+02
3.210000000000000000e+02 3.080000000000000000e+02
3.210000000000000568e+02 3.080000000000000000e+02
3.210000000000000568e+02 3.080000000000000568e+02
3.210000000000000568e+02 3.080000000000000568e+02
3.210000000000000568e+02 3.080000000000000568e+02
3.210000000000000568e+02 3.080000000000000568e+02
3.210000000000000000e+02 3.080000000000000568e+02
3.210000000000001137e+02 3.080000000000000568e+02
3.210000000000000000e+02 3.080000000000000568e+02
3.210000000000000000e+02 3.080000000000000568e+02
3.210000000000000000e+02 3.080000000000000568e+02
3.210000000000001137e+02 3.080000000000001137e+02
3.210000000000000568e+02 3.080000000000000568e+02
3.210000000000000000e+02 3.080000000000000000e+02
3.210000000000000568e+02 3.080000000000000568e+02
3.210000000000000568e+02 3.080000000000000568e+02
3.210000000000000568e+02 3.080000000000000568e+02
3.210000000000000568e+02 3.080000000000001137e+02
3.210000000000001137e+02 3.080000000000001137e+02
3.210000000000000568e+02 3.080000000000000568e+02
3.210000000000000568e+02 3.080000000000000568e+02
3.210000000000001137e+02 3.080000000000001137e+02
3.210000000000000568e+02 3.080000000000001137e+02
3.210000000000001137e+02 3.080000000000000568e+02
3.210000000000000000e+02 3.080000000000000568e+02
3.210000000000001137e+02 3.080000000000001137e+02
3.210000000000000568e+02 3.080000000000001137e+02
3.210000000000001137e+02 3.080000000000001137e+02
3.210000000000001137e+02 3.080000000000001137e+02
3.210000000000000568e+02 3.080000000000000568e+02
3.210000000000000000e+02 3.080000000000000568e+02
3.210000000000000000e+02 3.080000000000000000e+02
3.210000000000000568e+02 3.080000000000001137e+02
3.210000000000001137e+02 3.080000000000000568e+02
3.210000000000000000e+02 3.080000000000000000e+02
3.210000000000000568e+02 3.080000000000000568e+02
3.210000000000000568e+02 3.080000000000000568e+02
3.210000000000000568e+02 3.080000000000000568e+02
3.210000000000000568e+02 3.080000000000000568e+02
3.210000000000000568e+02 3.080000000000000568e+02
3.210000000000000568e+02 3.080000000000000568e+02
3.210000000000000000e+02 3.080000000000000000e+02
3.210000000000000568e+02 3.080000000000000000e+02
3.210000000000000000e+02 3.080000000000000568e+02
3.210000000000001137e+02 3.080000000000000568e+02
3.210000000000000568e+02 3.080000000000001137e+02
3.210000000000000568e+02 3.080000000000000568e+02
3.210000000000000000e+02 3.080000000000000568e+02
3.210000000000000000e+02 3.080000000000000568e+02
3.210000000000000000e+02 3.080000000000000568e+02
3.210000000000000568e+02 3.080000000000001137e+02
3.210000000000000568e+02 3.080000000000000568e+02
3.210000000000000568e+02 3.080000000000000568e+02
3.210000000000001137e+02 3.080000000000000568e+02
3.210000000000000000e+02 3.080000000000000000e+02
3.210000000000000568e+02 3.080000000000000568e+02
3.210000000000000568e+02 3.080000000000000568e+02
3.210000000000000568e+02 3.080000000000001137e+02
3.210000000000000000e+02 3.080000000000000000e+02
3.210000000000000000e+02 3.080000000000000568e+02
3.210000000000000000e+02 3.080000000000000000e+02
3.209999999999999432e+02 3.079999999999998863e+02
3.209999999999999432e+02 3.079999999999999432e+02
3.210000000000000000e+02 3.080000000000000000e+02
