6.900000000000000000e+01 1.180000000000000000e+02
6.900000000000000000e+01 1.180000000000005684e+02
6.900000000000000000e+01 1.179999999999984936e+02
6.899999999999998579e+01 1.180000000000055280e+02
6.899999999999998579e+01 1.179999999999808580e+02
6.900000000000000000e+01 1.180000000000575113e+02
6.900000000000000000e+01 1.179999999998555609e+02
6.900000000000000000e+01 1.180000000002585097e+02
6.900000000000002842e+01 1.179999999999558327e+02
6.900000000000000000e+01 1.179999999978003729e+02
6.900000000000001421e+01 1.180000000130878419e+02
6.900000000000000000e+01 1.179999999449537427e+02
6.900000000000000000e+01 1.180000001939346248e+02
6.900000000000000000e+01 1.179999994105356507e+02
6.900000000000001421e+01 1.180000014990946084e+02
6.899999999999998579e+01 1.179999972374957906e+02
6.900000000000000000e+01 1.180000009019650946e+02
6.900000000000001421e+01 1.180000211374023280e+02
6.900000000000001421e+01 1.179998698668449322e+02
6.900000000000000000e+01 1.180005543065686879e+02
6.900000000000001421e+01 1.179980302790963265e+02
6.900000000000000000e+01 1.180060385619410255e+02
6.900000000000000000e+01 1.179844552081969624e+02
6.899999999999998579e+01 1.180294356615180646e+02
6.899999999999998579e+01 1.179861947850208423e+02
6.900000000000000000e+01 1.170762352363748278e+02
6.900000000000001421e+01 1.169516535117328573e+02
6.900000000000001421e+01 1.170203312452032236e+02
6.900000000000002842e+01 1.169930069525399148e+02
6.900000000000001421e+01 1.170020698303110578e+02
6.900000000000001421e+01 1.169994787267185785e+02
6.900000000000000000e+01 1.170001003785921085e+02
6.899999999999998579e+01 1.169999937397065111e+02
6.900000000000009948e+01 1.169999931104864572e+02
6.899999999999933209e+01 1.170000045991179860e+02
6.900000000000291323e+01 1.169999981716696027e+02
6.899999999998946976e+01 1.170000001460734183e+02
6.900000000003279865e+01 1.170000014805480646e+02
6.899999999991359800e+01 1.169999956111809496e+02
6.900000000017192292e+01 1.170000088258879885e+02
6.899999999987622346e+01 1.169999936390044439e+02
6.899999999905395498e+01 1.169999513797114332e+02
6.900000000658891963e+01 1.170003386337210287e+02
6.899999997076038483e+01 1.169984972416638698e+02
6.900000010667689310e+01 1.170054826134163051e+02
6.899999966457835399e+01 1.169827611484365946e+02
6.900000089371701506e+01 1.170459322028725353e+02
6.899999818108825878e+01 1.169019297632335110e+02
6.900000151297332707e+01 1.159467014440081556e+02
6.900000890568099976e+01 1.150432956614108519e+02
6.899993477466138359e+01 1.149686643080784734e+02
6.900029376845371587e+01 1.150118302364779481e+02
6.899891850736010213e+01 1.150031113546159247e+02
6.900342893659771448e+01 1.149759086089226656e+02
6.899076378032161472e+01 1.150685566625976151e+02
6.901920429051433814e+01 1.148515282983861567e+02
6.898202716379913113e+01 1.139805015737777723e+02
6.891678268600522017e+01 1.140275365429754402e+02
7.067194152909702609e+01 1.131741060638376410e+02
7.113959153201876973e+01 1.129303855691948399e+02
7.095146316899821670e+01 1.130067144405288531e+02
7.101055529479361894e+01 1.130560340299899451e+02
7.100890524218456790e+01 1.127991042849483989e+02
7.097342628365166206e+01 1.117619051483657699e+02
7.102840570555700594e+01 1.109876074071271148e+02
7.191374289399024633e+01 1.110316191565846964e+02
7.288303839240025184e+01 1.101424186953245368e+02
7.305014139586999988e+01 1.100332820820631525e+02
7.298183287171949019e+01 1.094556972901399376e+02
7.300583140033273821e+01 1.088858394723654612e+02
7.299782747188113774e+01 1.090301520219262557e+02
7.300181732695813253e+01 1.089937731845750193e+02
7.299827396056210205e+01 1.090005131660840618e+02
7.299500156571824050e+01 1.089995678052112424e+02
7.304433438455463090e+01 1.090057172368843510e+02
7.279040810069525946e+01 1.089720533762259151e+02
7.415722600575881529e+01 1.091061455324641685e+02
7.521096439098953113e+01 1.085683032867067936e+02
7.494488323269099794e+01 1.078935408017005102e+02
7.500907830024100065e+01 1.080248871736835099e+02
7.500229294676144320e+01 1.079946659776547904e+02
7.500858938730829095e+01 1.079933347330448328e+02
7.491355401004594228e+01 1.080582824893429432e+02
7.575741905097517304e+01 1.073828982159380558e+02
7.597771540646743915e+01 1.062953870250747030e+02
7.643057558097721937e+01 1.060147784685314036e+02
7.706168484543947272e+01 1.057285308346002068e+02
7.709965493244769164e+01 1.048973694687035447e+02
7.809975720695005919e+01 1.050264249142008168e+02
7.897496552444484053e+01 1.050294825970409107e+02
7.904773654104718617e+01 1.041384761249413629e+02
7.887709436999206503e+01 1.039171686515056479e+02
7.962774745188089298e+01 1.041015077587287294e+02
8.000990234763023068e+01 1.036391472903642068e+02
8.027325819314710031e+01 1.025894481014719020e+02
8.110331060441527029e+01 1.019370124914630935e+02
8.097530266854448655e+01 1.020058943545837167e+02
8.098093903398648763e+01 1.019967915538371273e+02
8.179160658882329926e+01 1.020542339802167220e+02
8.282466456921581255e+01 1.013600364247084116e+02
8.298605820237443709e+01 1.003088468666037585e+02
8.334050865413355780e+01 9.992434841390469558e+01
8.442542448427343516e+01 1.000195124661949819e+02
8.506481909177946932e+01 9.999853663433961515e+01
8.499048641151320282e+01 9.999598242344731602e+01
8.499876021496602618e+01 9.999478820023500703e+01
8.500308767749544359e+01 1.000741952891992241e+02
8.499185224682098294e+01 9.924896297291992653e+01
8.502912263961198391e+01 9.891371728813886932e+01
8.490315560632612346e+01 9.902760922462162796e+01
8.532098347360279433e+01 9.899271892103999448e+01
8.609157060608011136e+01 9.900079382457428778e+01
8.598631179010141068e+01 9.900119624433908427e+01
8.599898012080802800e+01 9.900118779756914478e+01
8.599851455393266519e+01 9.897938859939500844e+01
8.601809854098233643e+01 9.910793944615377882e+01
8.592382145179149688e+01 9.835227341352931774e+01
8.636818219616723979e+01 9.799297479686424595e+01
8.745773693871745991e+01 9.770521817086391536e+01
8.801692663772738001e+01 9.688751531266709094e+01
8.807103916173777236e+01 9.703558272265307494e+01
8.898911943178012507e+01 9.701217260629944406e+01
8.898099092226723883e+01 9.611886009676831577e+01
8.964227658407907029e+01 9.589014796865031087e+01
9.074871186204734386e+01 9.623732106223184246e+01
9.096652340807401060e+01 9.503001794173752614e+01
9.133870794814346539e+01 9.378539720346687147e+01
9.204511446652014683e+01 9.405377252934161447e+01
9.207389675883496238e+01 9.398595523571788135e+01
9.299379015287132688e+01 9.399774395689905759e+01
9.295728396266245852e+01 9.406688161423863903e+01
9.378522556668671939e+01 9.323298680299700436e+01
9.397547391739490763e+01 9.288895692050527941e+01
9.447957746146205693e+01 9.312647060996334858e+01
9.505988522516604178e+01 9.264778348386913365e+01
9.512461663482756080e+01 9.190518936365982938e+01
9.616254616693142054e+01 9.201719763559137277e+01
9.699869071777411023e+01 9.200039038306950090e+01
9.694429566280305721e+01 9.198554160045618744e+01
9.782437128493126011e+01 9.207238805081871647e+01
9.786347239584458180e+01 9.146423987894988272e+01
9.898933403533693820e+01 9.039933134092805744e+01
1.001601359857452280e+02 8.992682108696993737e+01
1.001198687692398153e+02 9.000470770402579035e+01
1.011484957807586937e+02 9.002180553818378428e+01
1.020019043824986653e+02 8.999874593292143743e+01
1.028799763725811829e+02 8.909312062417473044e+01
1.037292721936458122e+02 8.894523911233314095e+01
1.047368329128721740e+02 8.902902253611173933e+01
1.049991804820051726e+02 8.896623762084223586e+01
1.052735062357227918e+02 8.908233714695381877e+01
1.062836353190904930e+02 8.878017659509293935e+01
1.071283551787286541e+02 8.792685616128325421e+01
1.080091247080578825e+02 8.800306629247668866e+01
1.088856072095810958e+02 8.806552212780592015e+01
1.097587880908153721e+02 8.719903532735020235e+01
1.106439584875332827e+02 8.693077583710120848e+01
1.114869991802252542e+02 8.699924085824092401e+01
1.124660262273749822e+02 8.707397185525047689e+01
1.130476948954871403e+02 8.677526864140997986e+01
1.130453092417633769e+02 8.592347221162573589e+01
1.140283451961650769e+02 8.600546776089552736e+01
1.158020430467317112e+02 8.606229455997087996e+01
1.169075672415241200e+02 8.519190462794477980e+01
1.169566386672631921e+02 8.493230637008733197e+01
1.174284060156156215e+02 8.499828004910223456e+01
1.184210440157742283e+02 8.507689542481038814e+01
1.192678560221072246e+02 8.476372344863287367e+01
1.201420969553756350e+02 8.392865157696009248e+01
1.210261630292624062e+02 8.400377513336462698e+01
1.219409390036379648e+02 8.400530055261246787e+01
1.220374499043337266e+02 8.399657917832907117e+01
1.219856532267028513e+02 8.400131025464227719e+01
1.219996614697356421e+02 8.400003185393448746e+01
1.220164887137267726e+02 8.399849094507722214e+01
1.219530489888311280e+02 8.400429630385086455e+01
1.220962352287773314e+02 8.399152921556166973e+01
1.230338524637536608e+02 8.400538117518766512e+01
1.239097625543389398e+02 8.405057675537369732e+01
1.247791271536006263e+02 8.318127932076335185e+01
1.256589214615761421e+02 8.293366241832343633e+01
1.265326373413999335e+02 8.299792433310868489e+01
1.274111040815476628e+02 8.307930961206311338e+01
1.282810852829432520e+02 8.274873078222010747e+01
1.291695192263532022e+02 8.192401671123600693e+01
1.300307493293521190e+02 8.200592403309778433e+01
1.308684417540980860e+02 8.200449822011584899e+01
1.325935999276370865e+02 8.199681176623340662e+01
1.338227682592846293e+02 8.200125715809167559e+01
1.340441750267671353e+02 8.200004009320929299e+01
1.340019841706444765e+02 8.199846852249812912e+01
1.339586092002656983e+02 8.200445245810135475e+01
1.340966354890572916e+02 8.199081082135730014e+01
1.350576955159813792e+02 8.200792970731849607e+01
1.359677534362506037e+02 8.204351163652383150e+01
1.359578517728612894e+02 8.117238747745106764e+01
1.366220254772909186e+02 8.091368379839350666e+01
1.374973460455140923e+02 8.108150582669249218e+01
1.387302379924552156e+02 8.073752227011082994e+01
1.406895876781176185e+02 7.942595517911966851e+01
1.421997435776094960e+02 7.772045725785294223e+01
1.430777146401071320e+02 7.698419699946401806e+01
1.448606015455754914e+02 7.699262198495469534e+01
1.459388584726341662e+02 7.700592675371885321e+01
1.459213596589810322e+02 7.699733031961950758e+01
1.465821821430225214e+02 7.700095662987391165e+01
1.470129269582874940e+02 7.699970669229972486e+01
1.472656624223506583e+02 7.700007715514237816e+01
1.480484653048607129e+02 7.699998380120693753e+01
1.480324809700778701e+02 7.700000176504282479e+01
1.489557563350593909e+02 7.700000067452444341e+01
1.489940841299843441e+02 7.699999927805166067e+01
1.495304172784086347e+02 7.700000099354967631e+01
1.510733741549649380e+02 7.699999714405082329e+01
1.529013161059116328e+02 7.700000895373659660e+01
1.545891064729269999e+02 7.699997537075826415e+01
1.564525732412235755e+02 7.700005354625140797e+01
1.580451512398120428e+02 7.699993847018480153e+01
1.579821233397248932e+02 7.699982958806393185e+01
1.588484651721190914e+02 7.700154978417911877e+01
1.590120777241430119e+02 7.699263495343387831e+01
1.593919647249083198e+02 7.702796062136499700e+01
1.608168581176641396e+02 7.690891253828486640e+01
1.627090603475376156e+02 7.728670413825972219e+01
1.642614573494820718e+02 7.809664607975764739e+01
1.650629918663321405e+02 7.797564099522084291e+01
1.659438535822604592e+02 7.796734467594903606e+01
1.668472973845216529e+02 7.886085178152119113e+01
1.675947165206291345e+02 7.906372807227134558e+01
1.691654573755104138e+02 7.897644916838089557e+01
1.705550001283293398e+02 7.900740161715663135e+01
1.713030122246169924e+02 7.899799732952693887e+01
1.722002415167812899e+02 7.900044175148134684e+01
1.730903565895945349e+02 7.899994107719683711e+01
1.739760320045733124e+02 7.899998888306168965e+01
1.740228959092162881e+02 7.900001267176274666e+01
1.740102717478668239e+02 7.899999383147934395e+01
1.739130332993497348e+02 7.900000230428130976e+01
1.743994572154454374e+02 7.899999926970490094e+01
1.752860439870585196e+02 7.900000019956992503e+01
1.763775555216987811e+02 7.899999995492326832e+01
1.781370189244312883e+02 7.900000000687235513e+01
1.789736773969400190e+02 7.900000000173348269e+01
1.797691369056744861e+02 7.899999998860479877e+01
1.813819960035213512e+02 7.900000005192421781e+01
1.832004229603079466e+02 7.899999979900125879e+01
1.849104916776159939e+02 7.900000067045552044e+01
1.867274622530792954e+02 7.899999807669325946e+01
1.883230650427661033e+02 7.900000447592591968e+01
1.890312012979795213e+02 7.899999347094629343e+01
1.890056438529958314e+02 7.899999323869150203e+01
1.889590880016280607e+02 7.900009977771684078e+01
1.895620242613853179e+02 7.899948681476170975e+01
1.912753951218755901e+02 7.900202844852881867e+01
1.924087644391503034e+02 7.899317096982881026e+01
1.938734554325548061e+02 7.901977596659538960e+01
1.966595028368286933e+02 7.895327116124713029e+01
1.993834659056066130e+02 7.907232272951783614e+01
2.029238006321093053e+02 7.998309161040708659e+01
2.047446370758784440e+02 8.004933177525126098e+01
2.065004071960837848e+02 7.988314815364515198e+01
2.077041800479110520e+02 8.063000975324248998e+01
2.083770548835199747e+02 8.109330961600429077e+01
2.096327175130493856e+02 8.099340024807685268e+01
2.114814170300846001e+02 8.095471124800779705e+01
2.132100005999712664e+02 8.108269348373939067e+01
2.149651561183520982e+02 8.199090929232463054e+01
2.167342130005901595e+02 8.197788986021156177e+01
2.183824468468956184e+02 8.265511985164643249e+01
2.207996343315159038e+02 8.371180683982838389e+01
2.232513109838616003e+02 8.409810809566914713e+01
2.240805209173218771e+02 8.390445007339714323e+01
2.241271035424439901e+02 8.420075740866016645e+01
2.251368238824177297e+02 8.507042791359359057e+01
2.259918401038569868e+02 8.500516562595565517e+01
2.268111279520080927e+02 8.485539434009335480e+01
2.284418316964898850e+02 8.658111164495349499e+01
2.302483954463504574e+02 8.705669546950390725e+01
2.319941606366797373e+02 8.743165217680973456e+01
2.337024010453637857e+02 8.814366756571682515e+01
2.355836030393067801e+02 8.791975494981963379e+01
2.370788362501892834e+02 8.809367390518326602e+01
2.369993738931755445e+02 8.899789493644837535e+01
2.378347801258936443e+02 8.905418368123520168e+01
2.388079274665280707e+02 8.881881235101516836e+01
2.394453118570711467e+02 9.018363261856811164e+01
2.413532946336580096e+02 9.172135021966005297e+01
2.441504410463418537e+02 9.198512633761654911e+01
2.468047700757066139e+02 9.216726739798156132e+01
2.492801627223905996e+02 9.313649226867039488e+01
2.510103113075101930e+02 9.400457280680532790e+01
2.536905913364928153e+02 9.494383942935138521e+01
2.549779802765473562e+02 9.494047009654799751e+01
2.548147440321750707e+02 9.566026980567058047e+01
2.559856407589367109e+02 9.602338736041164680e+01
2.573477859175038134e+02 9.627400234652724009e+01
2.586876871941410059e+02 9.727190025987222555e+01
2.612560533883954008e+02 9.815857065369229417e+01
2.620120249146985998e+02 9.900367543734778053e+01
2.637203142674661649e+02 9.896090591945694825e+01
2.656856427200565918e+02 9.977939516299294098e+01
2.661480278913991242e+02 1.001128883161328105e+02
2.658451276766461433e+02 9.986419086001109235e+01
2.664243893264309690e+02 1.003970228430049474e+02
2.669902354862691709e+02 1.010527610683873121e+02
2.671873515224524454e+02 1.010687940351378700e+02
2.690290611682014514e+02 1.020213578292323149e+02
2.698653436100462955e+02 1.029036528243046149e+02
2.715559080244436814e+02 1.037415184901990557e+02
2.727368800676413230e+02 1.047525457055490392e+02
2.734653764775883360e+02 1.050029185535594820e+02
2.744906435495894925e+02 1.052671657479662741e+02
2.750309509334532549e+02 1.063591451927184579e+02
2.750776817164500585e+02 1.070274539361006703e+02
2.760291806121279024e+02 1.070101329436259903e+02
2.769073365719102071e+02 1.078820114642301178e+02
2.777648866329856787e+02 1.087891570555105574e+02
2.786910787982489524e+02 1.096477214499499269e+02
2.793947770010558429e+02 1.105290809734356401e+02
2.808846904833490612e+02 1.114078222711379595e+02
2.821170975087161423e+02 1.122700311736273449e+02
2.820957518335331997e+02 1.131765880169270417e+02
2.830161593587740754e+02 1.140183056409458544e+02
2.829725814005601023e+02 1.140413304517327049e+02
2.837917902316546019e+02 1.138038784988228258e+02
2.841384580039596699e+02 1.154005720814278106e+02
2.837581783713093273e+02 1.161008661944672724e+02
2.848182284954673378e+02 1.162927392137965796e+02
2.861538611057752632e+02 1.172625783029239130e+02
2.860627479415203425e+02 1.182832087556636083e+02
2.870471069224255984e+02 1.200644741447753887e+02
2.879200345217395807e+02 1.209430730094712345e+02
2.887911957496494324e+02 1.216966669576828082e+02
2.896479670904060413e+02 1.233351771859991857e+02
2.906171838873175943e+02 1.247476638409391683e+02
2.911075083837961301e+02 1.249627743815286749e+02
2.909166944323104076e+02 1.252616692891773340e+02
2.911359453649562283e+02 1.260541137882408407e+02
2.920305832118338003e+02 1.260168984723990491e+02
2.920355245744892159e+02 1.269038296180061423e+02
2.918307112731292818e+02 1.278270831409511175e+02
2.933346301794991291e+02 1.285904535671834310e+02
2.946242063217882219e+02 1.300053939175714675e+02
2.955098074527735434e+02 1.319417860041356221e+02
2.959617785591823349e+02 1.333825916067017090e+02
2.962640208246916131e+02 1.341508807047992491e+02
2.980657126270762092e+02 1.350650704504172097e+02
2.980380423653789421e+02 1.359718863144404679e+02
2.978937487438569747e+02 1.359436970854235938e+02
2.987116968389455565e+02 1.367072381999923039e+02
2.991188126430153602e+02 1.370524657330844036e+02
2.988769985063579497e+02 1.371966368827648637e+02
2.992984398486951250e+02 1.387013635588351121e+02
3.000533462587069948e+02 1.400724603873223089e+02
3.000211301115811011e+02 1.400592446282426806e+02
3.009137888591306478e+02 1.418760281697188361e+02
3.019051271300353392e+02 1.428646706624999752e+02
3.019713432111870475e+02 1.436614946449208219e+02
3.024513518371196596e+02 1.445799570852401530e+02
3.035400008378284724e+02 1.454120460913012778e+02
3.040752696908086818e+02 1.463843086680225269e+02
3.039845447104042933e+02 1.470347982211580700e+02
3.040010377556719732e+02 1.470293709909289532e+02
3.039981861200539583e+02 1.479323969970023995e+02
3.040214508950551817e+02 1.488287884988145606e+02
3.038952964497533458e+02 1.496905286759820797e+02
3.045851877662274205e+02 1.505701168761089264e+02
3.050988081171548743e+02 1.514530639358231952e+02
3.049903399152525481e+02 1.523024559908106994e+02
3.049645723612950974e+02 1.532427056198671380e+02
3.050518972937002218e+02 1.540177132015851669e+02
3.059654339618271024e+02 1.539767199655237562e+02
3.060362470839391449e+02 1.548676854799887508e+02
3.059826187054723050e+02 1.549943676626945432e+02
3.060064429056319568e+02 1.554512041284665713e+02
3.059979703039472838e+02 1.565846239793815755e+02
3.060005506151460395e+02 1.570003119123951763e+02
3.059998780103830427e+02 1.571624051379087632e+02
3.060000165309571116e+02 1.580344875560859919e+02
3.060000029125241099e+02 1.579882382066762432e+02
3.059999965263522768e+02 1.587963605133668352e+02
3.060000018784797930e+02 1.597247781035464413e+02
3.059999986068972362e+02 1.605855512841805250e+02
3.060000027323183645e+02 1.614369356160681832e+02
3.059999927298007378e+02 1.624089097627731633e+02
3.060000166162461710e+02 1.630344288802402843e+02
3.059999766148926028e+02 1.630417278733874866e+02
3.059999703843180896e+02 1.639591271659170673e+02
3.060003880341116655e+02 1.648270561588552141e+02
3.059980349024014004e+02 1.658206351860180234e+02
3.060077094502224782e+02 1.659572944122166689e+02
3.059741974952576697e+02 1.664574222761842748e+02
3.060742247974828842e+02 1.670604086202364726e+02
3.058159636773663124e+02 1.671081478552870294e+02
3.049492411818185360e+02 1.681294847931462186e+02
3.049948304289380872e+02 1.689912674978310179e+02
3.050084006370517500e+02 1.689440653227303244e+02
3.049955645823735608e+02 1.697707461203463311e+02
3.050022008560682707e+02 1.699838585349134235e+02
3.049975969411602819e+02 1.704357770948618054e+02
3.050055813407967662e+02 1.711298447081304062e+02
3.049870731429365378e+02 1.709390020301711672e+02
3.050199235379879497e+02 1.710582299645981550e+02
3.050134345605671342e+02 1.719714333117024694e+02
3.041138136680237949e+02 1.729337984787414655e+02
3.039417953583370604e+02 1.729445614988729574e+02
3.040224398959456380e+02 1.735997979746631756e+02
3.039931383204210533e+02 1.741338213558211976e+02
3.040006129355475082e+02 1.738937606034253349e+02
3.040030189221088222e+02 1.742025466342703623e+02
3.039944433423420378e+02 1.750601704494877708e+02
3.039975657789091201e+02 1.750045595142028390e+02
3.040669047023028497e+02 1.749378106922234224e+02
3.032366481205723403e+02 1.757016283639000562e+02
3.028886807000786803e+02 1.766059639217548352e+02
3.031244903457021564e+02 1.775608517033412852e+02
3.026564319372044451e+02 1.780879993274037361e+02
3.018929680404726241e+02 1.779755922796462073e+02
3.020381777046961247e+02 1.780099414270156615e+02
3.020052745797787566e+02 1.780014989505052938e+02
3.011040098013991724e+02 1.779301067922484094e+02
3.009201898448604879e+02 1.787992677290047538e+02
3.011272444479911883e+02 1.789942907662995708e+02
3.005052518225564882e+02 1.793965388569012589e+02
2.998732729322484829e+02 1.803788213617984866e+02
3.000773530566028171e+02 1.812969614234558264e+02
2.999040452539363173e+02 1.820240230117966007e+02
2.990006694295107650e+02 1.819994564857209980e+02
2.989585382538645035e+02 1.829172624492595958e+02
2.991115356514205814e+02 1.829545968498396462e+02
2.983439455692524120e+02 1.836460998629701464e+02
2.979089753305576664e+02 1.840361068026774660e+02
2.980064565797202363e+02 1.842388483261470356e+02
2.980479747532220927e+02 1.853411943987453583e+02
2.979012403866483396e+02 1.860182784428987475e+02
2.969962872387453672e+02 1.860034007768096842e+02
2.969808332332603413e+02 1.869224548130550261e+02
2.969881515390935647e+02 1.869602172160906548e+02
2.971026412727001116e+02 1.876278736508025133e+02
2.964884393515234819e+02 1.881288205205777615e+02
2.958984173937870992e+02 1.879022026413962010e+02
2.960094499880704575e+02 1.881948849747722363e+02
2.960267031055101938e+02 1.891426097431235291e+02
2.959905190411149647e+02 1.900148569873131805e+02
2.950527978932899487e+02 1.909452063550458547e+02
2.951370957475452883e+02 1.909663524006767545e+02
2.936975755334959786e+02 1.915605831925858809e+02
2.927768606297746601e+02 1.925510479037839673e+02
2.931183614171724798e+02 1.933599707226762803e+02
2.928153661795192306e+02 1.943335674416157133e+02
2.918068135223699642e+02 1.950212456159496242e+02
2.909971894528040366e+02 1.950125103739185590e+02
2.910826639214225224e+02 1.959490633953196266e+02
2.894689074138146339e+02 1.958580594086733981e+02
2.882582296481209596e+02 1.973542319633265549e+02
2.875020293902703088e+02 1.980909890706674616e+02
2.866139846581322672e+02 1.983481147416009946e+02
2.856669673559520106e+02 1.990478111883828376e+02
2.849683843502862146e+02 1.991132502973977410e+02
2.849884002927849451e+02 2.000077271656824678e+02
2.841058265912013212e+02 1.999131713118808307e+02
2.832757545514847379e+02 2.016405090915220626e+02
2.817769960607349731e+02 2.020404537571729122e+02
2.798369632428698992e+02 2.025095379131999493e+02
2.785091776556436685e+02 2.030387332261739175e+02
2.777541901485993776e+02 2.032140145705978682e+02
2.768049776531981934e+02 2.040899174620733163e+02
2.759894767577209223e+02 2.039876893812295862e+02
2.760280762380605779e+02 2.039439453136662621e+02
2.752369914971012577e+02 2.048416774563576723e+02
2.744179208976486279e+02 2.049956930968359075e+02
2.729528236236885732e+02 2.054070307548664971e+02
2.713897206760710219e+02 2.065379610924709652e+02
2.709960127796001643e+02 2.070063206019829920e+02
2.709067284689033386e+02 2.071256616273659574e+02
2.699524016530767767e+02 2.080181100127068134e+02
2.690758025554270034e+02 2.079719701449575382e+02
2.682343739127329059e+02 2.088110583769825439e+02
2.672210297163915698e+02 2.090979446388543863e+02
2.670182224552514185e+02 2.088961693210019916e+02
2.666557129207735670e+02 2.093250883101576392e+02
2.657584743688466347e+02 2.103678081136544336e+02
2.646574193195952489e+02 2.110556962925009543e+02
2.629586584830369702e+02 2.109968222764985910e+02
2.630181567673631662e+02 2.110084080834541567e+02
2.621689196941418345e+02 2.109157224122230332e+02
2.619960817403684814e+02 2.117022729945017829e+02
2.615807285802678734e+02 2.120960335997380355e+02
2.604448378537051667e+02 2.119643554220523356e+02
2.599952378793886965e+02 2.120264594979946935e+02
2.598631073568792544e+02 2.119583439530491091e+02
2.589745569193523238e+02 2.120412072601574494e+02
2.590161375411937570e+02 2.129624502645014559e+02
2.582425472558707042e+02 2.129490268463428038e+02
2.572695229072061238e+02 2.137235490180588613e+02
2.565537506921752993e+02 2.139856271483134549e+02
2.551426525047193650e+02 2.144165915867236265e+02
2.535801464893277171e+02 2.150457572945450977e+02
2.528472735011836505e+02 2.151274216161263269e+02
2.519228059900030985e+02 2.160379670424804885e+02
2.510228055851604552e+02 2.160125079004603492e+02
2.510637092607246075e+02 2.159883626009517741e+02
2.502443285451601866e+02 2.160072140916542196e+02
2.500931535963122769e+02 2.159904785454248781e+02
2.492427911107405123e+02 2.160253554920471117e+02
2.475421439522641833e+02 2.159311169775399151e+02
2.468466938456065236e+02 2.161582737972263146e+02
2.459146250123874893e+02 2.170386327679110536e+02
2.450230826815848957e+02 2.170100056354199012e+02
2.450295432313542392e+02 2.169915580405703111e+02
2.443969302553034595e+02 2.169973735896901417e+02
2.432949396946664820e+02 2.170262819565536176e+02
2.430043739715380013e+02 2.169088471118977282e+02
2.427622295356680695e+02 2.172909533445711361e+02
2.418158688391444002e+02 2.180979456342447804e+02
2.408767663113668505e+02 2.179742935115529292e+02
2.390896177001966407e+02 2.179696558016314327e+02
2.380512513651857489e+02 2.188646994566061892e+02
2.380763638738552572e+02 2.190623213761735428e+02
2.373957718465793221e+02 2.189786960334137973e+02
2.369663582171272935e+02 2.190005564152876900e+02
2.367807926411607582e+02 2.190173047068789458e+02
2.357706046220358758e+02 2.189565185534630984e+02
2.349162414542533668e+02 2.190600766710057883e+02
2.340352868913132340e+02 2.199726377627680449e+02
2.332394031906589191e+02 2.200284852622567087e+02
2.315567439310672455e+02 2.200107795926010681e+02
2.302884251558391782e+02 2.198990453643074829e+02
2.296890733634609489e+02 2.204537666524924759e+02
2.282621959395655153e+02 2.211069191938685208e+02
2.268921706387376673e+02 2.209767002175300945e+02
2.269488736560156781e+02 2.210021677875230637e+02
2.260155843093419037e+02 2.209988765734959770e+02
2.261023290372608869e+02 2.210208089874611233e+02
2.245715857160627138e+02 2.208910963952241389e+02
2.234015755387005981e+02 2.216388010503630994e+02
2.221042389887122681e+02 2.220070608452959675e+02
2.205326424926630295e+02 2.222911464375087007e+02
2.198172753805575041e+02 2.230978656232288699e+02
2.188813372252569991e+02 2.229855366941798991e+02
2.180114611359239518e+02 2.229989383484251277e+02
2.180143811621087480e+02 2.229971492117354330e+02
2.174334747079095962e+02 2.230259753726019198e+02
2.157657170120116916e+02 2.228923030886174956e+02
2.144032405209939043e+02 2.234739048174989193e+02
2.137461299366289040e+02 2.241019362988838850e+02
2.125826608013597081e+02 2.239880843264540999e+02
2.108261853820417286e+02 2.239835736620810849e+02
2.100068930614239378e+02 2.239879966725431473e+02
2.099848384578576770e+02 2.248874312670225208e+02
2.100071314544536847e+02 2.250580842657966798e+02
2.100008759902547695e+02 2.249773977366272959e+02
2.099872470465766412e+02 2.250073816918615819e+02
2.100402125067867587e+02 2.249979199996572277e+02
2.098891420560075005e+02 2.250004895308668722e+02
2.087942996560193762e+02 2.249999195702479540e+02
2.070211801744295599e+02 2.249999966530605775e+02
2.061044874617754772e+02 2.250000168430963186e+02
2.053114902237121555e+02 2.249999584802895072e+02
2.042333225359861899e+02 2.250001482366974415e+02
2.041330900650999638e+02 2.249994970443308659e+02
2.032974182269768448e+02 2.250014889786912420e+02
2.018951512457220758e+02 2.249963511219091004e+02
2.018749814912021634e+02 2.250061507448485827e+02
2.000114419825868879e+02 2.250009902406446258e+02
1.990813180913990266e+02 2.249363222897473804e+02
1.983494396437122873e+02 2.257728293747190094e+02
1.968205161849388958e+02 2.261101583258088112e+02
1.949599862232294356e+02 2.258727739286589156e+02
1.933374313376390035e+02 2.263595349942629866e+02
1.912889305301783338e+02 2.270948447409156756e+02
1.886806238273615577e+02 2.269839125060958906e+02
1.869983278217160603e+02 2.270000323804534048e+02
1.853115364121082678e+02 2.269972549902476828e+02
1.827239625085919386e+02 2.270248916103737997e+02
1.805792803400642299e+02 2.268926471323470082e+02
1.794433058370059655e+02 2.275051560291189503e+02
1.786336936814607554e+02 2.281079663766712429e+02
1.777428491783672655e+02 2.279734041721348206e+02
1.768634781468946926e+02 2.280052266864820183e+02
1.759929594931634824e+02 2.279998046016553133e+02
1.751584107859118262e+02 2.279952818480602730e+02
1.735485062753855914e+02 2.280258280356291607e+02
1.715963184202298919e+02 2.278921829617455899e+02
1.705249185084942951e+02 2.285138044826480836e+02
1.692440094456319457e+02 2.291073178958077960e+02
1.676881011670405144e+02 2.289745725581845193e+02
1.667740769378585810e+02 2.290027352721265572e+02
1.649744973196115154e+02 2.290005727334059031e+02
1.640749165340239131e+02 2.290158720128602567e+02
1.633164918768036102e+02 2.288994867754983602e+02
1.617918699481409988e+02 2.296953231087358347e+02
1.598648944007650243e+02 2.299957450487455048e+02
1.585216157524073139e+02 2.303470591604975084e+02
1.577612781294990043e+02 2.311075008237848749e+02
1.568278249828753417e+02 2.309797094720996142e+02
1.559890559218179646e+02 2.310010341633945927e+02
1.559770901865464339e+02 2.310015380603377366e+02
1.560580772078863276e+02 2.309989736735071233e+02
1.555136534476983741e+02 2.310005660748153957e+02
1.539232370509299983e+02 2.309993248972009781e+02
1.525027193526220515e+02 2.310016867774659772e+02
1.517326990396017266e+02 2.309956995313925745e+02
1.508725398057902680e+02 2.310083642934714305e+02
1.499523440429850609e+02 2.309948390672507799e+02
1.481686079864453802e+02 2.309493119862316917e+02
1.471484627459335570e+02 2.318154995617109648e+02
1.464687154133262652e+02 2.320762549078918937e+02
1.449279341386444173e+02 2.319668488233648702e+02
1.434679459477378600e+02 2.320306500461296935e+02
1.427909637502349085e+02 2.319374918892306425e+02
1.417337975360608482e+02 2.321253577861340602e+02
1.399237653026233374e+02 2.330226841503587423e+02
1.381726534550868450e+02 2.330262560354750576e+02
1.364285926190136990e+02 2.329224283974677689e+02
1.346634200474629495e+02 2.335890985388741399e+02
1.329514012202807010e+02 2.346396656844634947e+02
1.310742207901299139e+02 2.350806438754455314e+02
1.296952612599064594e+02 2.349752260902376122e+02
1.287062381931122275e+02 2.350131526706348382e+02
1.269384628610975767e+02 2.349919725670316950e+02
1.261114974524125643e+02 2.349562080292835162e+02
1.243703319619669827e+02 2.358238154887060318e+02
1.233299311654547097e+02 2.360998250664593741e+02
1.220324638295276714e+02 2.358692732285659304e+02
1.200479884857488173e+02 2.364179207194729031e+02
1.186438965855673615e+02 2.370971686898294308e+02
1.178076684605734386e+02 2.369886032265095537e+02
1.169802540696390594e+02 2.369930066432044953e+02
1.170090138934370003e+02 2.369605019054029640e+02
1.163314886625587548e+02 2.378311237886615572e+02
1.145744628931755784e+02 2.380930685742486901e+02
1.134449285954152913e+02 2.378895793671639751e+02
1.122461447244048713e+02 2.383599776942442645e+02
1.103752451507365038e+02 2.393066472409811354e+02
1.086120694863146241e+02 2.402167826470349610e+02
1.069185317161830540e+02 2.410156753866981774e+02
1.060641030798256139e+02 2.409724144487425406e+02
1.051397452750553612e+02 2.418348164613516929e+02
1.049124361650396082e+02 2.420738390240662170e+02
1.051326463527535964e+02 2.419677518078238734e+02
1.045497621953700076e+02 2.420279145051461569e+02
1.039484573911725249e+02 2.419431614960945183e+02
1.039030466113701578e+02 2.421257638696877450e+02
1.029219025170686592e+02 2.430682758333458935e+02
1.020459966548519901e+02 2.439325863166945112e+02
1.012852107046227275e+02 2.449008237301998463e+02
9.951086529003946168e+01 2.449485701368686534e+02
9.880715496588805991e+01 2.455615897218543751e+02
9.915025380326052584e+01 2.461069902554160649e+02
9.867631056046428739e+01 2.459833804741548136e+02
9.796086070017314285e+01 2.459770943818774356e+02
9.795702172920634609e+01 2.460354502200497109e+02
9.703250574858684274e+01 2.469309937062270706e+02
9.702579444679761878e+01 2.479097112115810830e+02
9.636340613133846489e+01 2.479729051286977324e+02
9.543017437546016879e+01 2.484581877046651357e+02
9.445722633636609089e+01 2.495700523737623939e+02
9.398852215287520551e+01 2.500259205969726395e+02
9.384345912746881879e+01 2.501044293545770074e+02
9.296540925250403120e+01 2.511053854142056991e+02
9.301094630452460876e+01 2.519851765681194138e+02
9.222293051213893023e+01 2.519405463657217297e+02
9.120181491025736875e+01 2.527558221546407253e+02
9.090881471996029006e+01 2.529729525262175116e+02
9.111302016821308314e+01 2.534638658925016159e+02
9.069341833341178472e+01 2.539907409611642208e+02
8.990078293712275581e+01 2.542756522918622579e+02
9.002822078977644082e+01 2.561611043410345587e+02
9.002453181216053224e+01 2.569932798820773314e+02
8.913248680784323597e+01 2.569531817239159182e+02
8.891216010999582409e+01 2.576642623986866738e+02
8.912817475338577822e+01 2.585790234919855379e+02
8.854159430655647611e+01 2.595604380926127419e+02
8.787532332002894009e+01 2.600083846244453980e+02
8.806980285236369355e+01 2.601711553256575939e+02
8.792905125335369121e+01 2.610382730082038165e+02
8.702063784366197297e+01 2.609909181784889824e+02
8.697397347047474625e+01 2.618096335478949754e+02
8.698870808034922675e+01 2.627369616512656876e+02
8.710127899541139129e+01 2.635895204147187769e+02
8.653618454501655322e+01 2.644717419724347565e+02
8.589083838667039572e+01 2.653521436884223021e+02
8.602817099375157284e+01 2.662106536740311640e+02
8.599104794552629016e+01 2.671183503718219754e+02
8.599561160009048422e+01 2.679901580512660075e+02
8.607225796008069096e+01 2.679674091656996211e+02
8.523999611453156433e+01 2.686678021959580178e+02
8.491531106837486220e+01 2.696253370504466602e+02
8.502736842799919259e+01 2.704711010779636240e+02
8.499269260118745706e+01 2.713564133579216673e+02
8.500085122800211934e+01 2.722297668120486378e+02
8.500120664372977330e+01 2.731061540048105485e+02
8.500077849873292735e+01 2.739819710485131168e+02
8.498148112972734225e+01 2.748582042508889458e+02
8.509969491380257978e+01 2.757318210408736263e+02
8.437130273544789816e+01 2.766173443057334680e+02
8.389791838465022522e+01 2.774590352654009848e+02
8.402883333109576824e+01 2.784392700399566252e+02
8.399319364970428126e+01 2.790348028613011024e+02
8.400112223501058395e+01 2.790547883229529020e+02
8.400003665927350482e+01 2.799870860106455552e+02
8.399985987124370013e+01 2.808720559515089690e+02
8.400007697676372231e+01 2.817372507985657535e+02
8.399996957365095795e+01 2.826161128074616045e+02
8.400001003506382347e+01 2.834991599766208878e+02
8.399999717807570221e+01 2.843471499045963355e+02
8.400000058398737224e+01 2.852967799931049058e+02
8.400000005406840842e+01 2.860289030382730857e+02
8.400000001673465988e+01 2.859984997453388473e+02
8.399999829890347769e+01 2.868512221182187432e+02
8.400000971138243244e+01 2.877340696644781701e+02
8.399995989790353690e+01 2.887341067177563332e+02
8.400013942373497855e+01 2.889725295257850917e+02
8.399958197156665562e+01 2.893554567231458918e+02
8.400104217322885347e+01 2.900411251702283835e+02
8.399816712103741168e+01 2.900927430620103564e+02
8.400013810845146622e+01 2.910009834334722996e+02
8.401656516293155619e+01 2.908994306374380585e+02
8.390322007607723265e+01 2.925836133567898401e+02
8.465499014356703356e+01 2.930807659377811092e+02
8.509240160523943075e+01 2.933702709450012094e+02
8.499321353334516971e+01 2.944275950912423809e+02
8.495126151244240020e+01 2.952327110568320450e+02
8.510230882415335429e+01 2.961649212332191610e+02
8.600613490895172220e+01 2.970030064264298630e+02
8.601809972900436208e+01 2.969541372166137307e+02
8.601371252995787131e+01 2.978144666086882353e+02
8.588968929586067702e+01 2.979615976829388160e+02
8.654349811806334003e+01 2.985349288506737935e+02
8.701856111794103299e+01 2.989728165355462011e+02
8.722134039274995132e+01 2.993745333564037310e+02
8.804333144974681602e+01 3.012584266909095732e+02
8.800887955162173171e+01 3.020023148174158223e+02
8.892912589632213383e+01 3.019655517462281296e+02
8.896077443703130427e+01 3.027221233221557100e+02
8.964107908597726748e+01 3.036715611205169125e+02
9.012580190109666489e+01 3.044846517814593199e+02
8.990647454316663811e+01 3.054890076764745004e+02
9.018953281465324778e+01 3.060168573582964768e+02
9.118318053178698790e+01 3.061069762055290084e+02
9.201198870414252440e+01 3.070121018172131926e+02
9.202955161021965580e+01 3.069791433790607584e+02
9.189192429172011600e+01 3.077227643772777697e+02
9.270897190734321214e+01 3.086817024901870354e+02
9.299439355986039857e+01 3.094897025116752047e+02
9.335134841142776452e+01 3.104998360365455028e+02
9.412607387694164629e+01 3.110103013226565736e+02
9.394476909466617087e+01 3.111241194337810043e+02
9.402369899381343998e+01 3.120082550067448892e+02
9.494746717548737536e+01 3.119161841023883426e+02
9.494991680935544309e+01 3.136437167993790922e+02
9.568522913230081883e+01 3.140617539297564917e+02
9.603079636348741133e+01 3.144313107237090321e+02
9.626356246428090913e+01 3.153680203949253382e+02
9.739901504037709401e+01 3.165144858313726672e+02
9.798480836497422786e+01 3.182726555536710862e+02
9.804901842893221442e+01 3.190067026337645189e+02
9.988591460530470556e+01 3.189752149174141778e+02
9.999466335252947147e+01 3.197231168478969039e+02
1.006857083828735284e+02 3.207976889400796381e+02
1.009888310231944928e+02 3.209586396743004002e+02
1.014189860041197164e+02 3.213990164151359750e+02
1.019800339169833450e+02 3.220629879672948732e+02
1.022575006292648965e+02 3.220764183958551712e+02
1.040461225014762618e+02 3.230606584995909429e+02
1.039853012043664648e+02 3.239678973302002305e+02
1.048265958580084742e+02 3.239677987678420550e+02
1.049978534210425067e+02 3.245748776229741566e+02
1.054449878274789398e+02 3.256781751959649114e+02
1.064574827746473034e+02 3.260064640219273429e+02
1.072875428676769616e+02 3.261970996485966339e+02
1.081874639965957527e+02 3.271998320714981787e+02
1.090424929238806158e+02 3.280474031829866135e+02
1.098884650631370477e+02 3.289163602891235314e+02
1.116365707876676510e+02 3.298889948994326460e+02
1.127774282572418088e+02 3.299765655460928429e+02
1.134246427373638113e+02 3.304420922004753720e+02
1.148595674443777312e+02 3.315263613527668554e+02
1.164061118682613483e+02 3.320890484913167597e+02
1.171696813301654458e+02 3.319541420557939091e+02
1.180527599588980650e+02 3.320342091527980415e+02
1.189067369288146807e+02 3.329259601502097325e+02
1.205904508193853530e+02 3.338186412287188318e+02
1.223845455190901959e+02 3.346829903561299489e+02
1.241330042390009396e+02 3.355642633366711607e+02
1.258358257641886837e+02 3.364367437226831612e+02
1.277772084432349402e+02 3.373179907932251922e+02
1.307748248753836151e+02 3.381823844250270099e+02
1.341968488473054890e+02 3.390751082225808659e+02
1.359031991706735880e+02 3.399661951185817657e+02
1.376118277633491118e+02 3.400476490264787230e+02
1.394252564813550919e+02 3.399014056472259426e+02
1.410234942827225666e+02 3.405114613134091428e+02
1.433475517690574748e+02 3.414393035665881371e+02
1.456919214780200775e+02 3.423906771304700669e+02
1.475038751970669182e+02 3.430244295600307396e+02
1.502270252665471446e+02 3.430470546346932110e+02
1.528415874744547978e+02 3.439711917625845672e+02
1.555514851944977295e+02 3.439543306856303957e+02
1.573723567164451822e+02 3.447335273570836875e+02
1.596380584629731629e+02 3.450180564456869092e+02
1.623913668001177371e+02 3.453194415381033764e+02
1.649612224890271932e+02 3.464150242146523624e+02
1.676506594835370265e+02 3.470623308876357100e+02
1.701913847772186443e+02 3.469916199391317377e+02
1.719127331510854049e+02 3.469984726708776179e+02
1.737176922390734148e+02 3.470017712529517553e+02
1.747612253864126330e+02 3.469991351080182085e+02
1.755631476020606101e+02 3.470003235865552824e+02
1.764673143801278741e+02 3.469998973320649611e+02
1.773292881483667713e+02 3.470000280687071950e+02
1.782215050999477342e+02 3.469999937012457849e+02
1.790731848990357093e+02 3.470000008919693073e+02
1.799447356458918250e+02 3.470000001261055900e+02
1.816627642307598478e+02 3.469999998324817625e+02
1.833860889277559636e+02 3.470000000836207619e+02
1.853970393479741006e+02 3.469999999684396244e+02
1.859934465371695183e+02 3.470000000098508508e+02
1.865287775054886765e+02 3.469999999979913241e+02
1.883385033985113921e+02 3.469999999988073682e+02
1.890764972315037937e+02 3.470000000025908093e+02
1.899683425536896664e+02 3.470000000026541329e+02
1.908446836126638289e+02 3.469999999596419684e+02
1.917416455418381815e+02 3.470000002083077675e+02
1.925132491760867879e+02 3.469999991753535937e+02
1.938657062772966242e+02 3.470000027795609867e+02
1.957202775110983168e+02 3.469999919401069519e+02
1.974479033241426578e+02 3.470000190853243112e+02
1.991988728605502956e+02 3.469999706921325355e+02
2.009510692952399609e+02 3.469999791451804754e+02
2.027612646834732573e+02 3.470003941094107063e+02
2.037765294525553657e+02 3.469979190370074775e+02
2.045802294596677768e+02 3.470083268815948259e+02
2.055083823989398866e+02 3.469717003695043900e+02
2.062900938696302546e+02 3.470828166156029511e+02
2.074004213138155990e+02 3.467884955445070432e+02
2.092127449209357337e+02 3.459664581583704717e+02
2.109614325396489107e+02 3.460077925596550017e+02
2.135384413097527840e+02 3.450975095802519945e+02
2.163132707443076015e+02 3.450390082039248796e+02
2.182239785329730353e+02 3.443906458804302702e+02
2.201600092720348698e+02 3.438978972710149264e+02
2.210313176955712891e+02 3.440086055927786219e+02
2.213369508033115096e+02 3.440473610656892447e+02
2.231773312715763780e+02 3.439088420683285108e+02
2.239890167029400061e+02 3.430043568415512141e+02
2.256857720215361098e+02 3.430377849414261959e+02
2.275989052749775965e+02 3.422457883382733712e+02
2.285990010641337449e+02 3.418811816374580417e+02
2.298638631673467501e+02 3.421364244116605278e+02
2.318471722727211386e+02 3.416209787032706231e+02
2.332776657887179397e+02 3.409610634161002167e+02
2.341771351488181381e+02 3.409189790013600145e+02
2.359953287839288123e+02 3.400011133571526898e+02
2.378165670543921806e+02 3.400198052394938486e+02
2.387186596612383482e+02 3.393266622779583486e+02
2.401433303945938746e+02 3.382737582322442904e+02
2.421302868421496157e+02 3.379021845094424634e+02
2.433900932467415714e+02 3.381000600746947384e+02
2.444126388624336244e+02 3.377798166858040076e+02
2.462717584960593626e+02 3.369294117458065898e+02
2.480102182210495130e+02 3.370016880087825939e+02
2.497905313164921495e+02 3.370669060756817430e+02
2.509016988912876229e+02 3.362053104130191059e+02
2.509310217820279547e+02 3.359209220987955291e+02
2.515177724669055124e+02 3.360313271827677113e+02
2.520426210307462895e+02 3.359766969150304590e+02
2.521664802196270045e+02 3.360416758632924825e+02
2.531339463458168382e+02 3.359243669640372900e+02
2.540175074776704776e+02 3.349841819630998430e+02
2.557549028749189404e+02 3.340451507423456974e+02
2.575499397764744458e+02 3.340644633555398855e+02
2.592289608964446757e+02 3.333232106211485757e+02
2.611939254767222565e+02 3.329984498302464431e+02
2.621692429495481065e+02 3.326578230554175093e+02
2.619585040312371120e+02 3.318928802160515374e+02
2.620067486263127989e+02 3.320195156893024091e+02
2.620001246346127459e+02 3.319993337310011157e+02
2.620072618428823716e+02 3.320022819426268939e+02
2.619505650628256603e+02 3.319765495135745255e+02
2.624844762511971226e+02 3.321047440032248801e+02
2.640500143939789837e+02 3.314814525582181091e+02
2.655611178239469723e+02 3.308678226619171596e+02
2.660692754906595496e+02 3.310906424144530433e+02
2.659602972469182873e+02 3.308687604614879660e+02
2.660171579427669144e+02 3.299893807352347039e+02
2.669209969650736980e+02 3.300359608573583614e+02
2.670971366282321355e+02 3.291824492013311101e+02
2.667603540216637157e+02 3.289940824993731212e+02
2.680966330423070190e+02 3.286116211136459810e+02
2.691508917106218632e+02 3.274481198876991357e+02
2.691310557475117662e+02 3.270521873199338643e+02
2.702149279223299914e+02 3.267601544313273507e+02
2.710095039412274787e+02 3.249637162492771836e+02
2.709773354781836474e+02 3.249991426768606857e+02
2.717143830464893313e+02 3.243000157488837658e+02
2.727947208895578228e+02 3.232077147059663389e+02
2.729572767119452124e+02 3.230103362976583412e+02
2.733993144695604656e+02 3.227093658830309550e+02
2.740465848886719300e+02 3.216389944676676009e+02
2.741069035049970921e+02 3.209384944129456585e+02
2.750270094777844179e+02 3.210097573146650802e+02
2.750272327858261860e+02 3.210360036078874373e+02
2.749156889110367388e+02 3.202639070362175744e+02
2.756245069928231146e+02 3.192135683558415735e+02
2.765322064034148184e+02 3.190059904166517981e+02
2.775069205174245326e+02 3.187079609742983735e+02
2.780213184814645047e+02 3.176185281696207880e+02
2.781155255901047667e+02 3.169610672400244198e+02
2.790331792493932426e+02 3.169892629773679005e+02
2.790360371268636754e+02 3.161378991303048451e+02
2.788313018999843962e+02 3.143262796833650441e+02
2.803331425322363657e+02 3.133957679557864253e+02
2.816401414828854399e+02 3.118022865602840170e+02
2.824623735381064193e+02 3.108906635587051710e+02
2.830936307236653988e+02 3.107837811829188581e+02
2.829755903786235081e+02 3.099005196623135134e+02
2.830074877974798824e+02 3.100175034510399428e+02
2.830225830059343366e+02 3.100356516962715432e+02
2.828230081217449197e+02 3.092169880282243639e+02
2.844496263245894738e+02 3.083329423020247759e+02
2.850794145665083761e+02 3.073435952944593623e+02
2.853640734842527991e+02 3.069795397190857216e+02
2.861210945033836310e+02 3.068151741119276039e+02
2.859718953781031132e+02 3.057509913165831108e+02
2.860058911989293051e+02 3.049873586189744401e+02
2.860105256194433423e+02 3.050300567039997190e+02
2.859160235258612488e+02 3.041358588242542282e+02
2.867181206664235447e+02 3.040420052109604967e+02
2.870934840722104582e+02 3.034196633375764236e+02
2.869645792749109319e+02 3.029831367889238436e+02
2.870272205955356526e+02 3.027299532535329831e+02
2.869552648924683353e+02 3.019377595283946789e+02
2.870516324959408507e+02 3.019764806053030384e+02
2.879698166671499848e+02 3.010757363567272478e+02
2.879560678415213602e+02 3.000890758100338758e+02
2.887085451200590569e+02 3.000306326550470430e+02
2.890962122963880461e+02 2.995351056279349677e+02
2.889715287199658746e+02 2.984651991865903824e+02
2.890031208709625616e+02 2.978849890137863667e+02
2.890094317122541270e+02 2.981035393738744688e+02
2.889860142559252267e+02 2.978868203703573840e+02
2.889715400255309987e+02 2.960586486147650476e+02
2.898610390252914613e+02 2.960138236873373785e+02
2.900643004184832421e+02 2.952726054261175364e+02
2.899762619453775301e+02 2.950056703955546027e+02
2.900070469335287839e+02 2.945839683814776322e+02
2.899993290108550354e+02 2.938904749982059457e+02
2.899973332321008002e+02 2.940130019735016162e+02
2.900041366312337345e+02 2.940133856243593868e+02
2.900066206260108856e+02 2.940260565703003977e+02
2.899228553685101701e+02 2.931108880193024788e+02
2.907413417783084242e+02 2.930469982271993103e+02
2.910878604142360473e+02 2.923947176911332804e+02
2.909721762414830550e+02 2.919817772445593960e+02
2.910072863356054995e+02 2.917250802166029189e+02
2.909991409028209546e+02 2.908914880564679493e+02
2.909990172202363397e+02 2.910306897126388321e+02
2.909985330347550416e+02 2.910222976513284152e+02
2.910200403985799653e+02 2.901286264613689241e+02
2.908979949357567421e+02 2.899127495583067571e+02
2.916089591450270291e+02 2.901301386084854244e+02
2.921036923137349959e+02 2.895300221019283526e+02
2.919714173905243229e+02 2.888948613952451296e+02
2.920063156191188227e+02 2.890242482689315011e+02
2.919993734948687916e+02 2.889960352792383560e+02
2.920002295927178011e+02 2.889993235976705819e+02
2.919949421232724376e+02 2.890058033776421667e+02
2.920270138777289048e+02 2.889726023430351916e+02
2.918924402401156044e+02 2.891077070943733247e+02
2.924709877517809673e+02 2.885289645960019129e+02
2.931073253517243415e+02 2.878926879424407730e+02
2.929751322772627304e+02 2.880248646424249159e+02
2.930038915302874329e+02 2.879961089517483401e+02
2.930002654115132827e+02 2.879997346213627338e+02
2.929994337050381432e+02 2.880005662248159979e+02
2.930002990568862629e+02 2.879997009801572290e+02
2.929998838277439859e+02 2.880001161578658753e+02
2.930000378942740440e+02 2.879999621104198582e+02
2.929999893360297847e+02 2.880000106626492880e+02
2.930000025035533326e+02 2.879999974967566914e+02
2.929999995933503101e+02 2.880000004065993835e+02
2.929999999826476937e+02 2.880000000173502599e+02
2.930000000531460955e+02 2.879999999468603846e+02
2.929999999711598093e+02 2.880000000288365527e+02
2.930000000113403757e+02 2.879999999886611022e+02
2.929999999962690254e+02 2.880000000037304630e+02
2.930000000010589929e+02 2.879999999989411776e+02
2.929999999997482405e+02 2.880000000002518163e+02
2.930000000000422915e+02 2.879999999999576517e+02
2.930000000000008527e+02 2.879999999999990905e+02
2.929999999999950546e+02 2.880000000000049454e+02
2.930000000000027285e+02 2.879999999999972147e+02
2.929999999999989200e+02 2.880000000000010800e+02
2.930000000000003979e+02 2.879999999999996589e+02
2.929999999999998295e+02 2.880000000000001137e+02
2.930000000000000568e+02 2.879999999999999432e+02
2.930000000000000000e+02 2.880000000000000568e+02
2.930000000000000000e+02 2.880000000000000000e+02
